042ffa3820a71c608f9c277b905e0582.jpg 57,77,316,224,0
04bbf3622c47dede0d967ea57b7ae1ef.jpg 97,98,294,210,0
05afae69165fddd8b29c8b449577ef38.jpg 140,73,289,157,0
02fba15611e85ab4338dd6d74018696c.jpg 137,43,306,154,0
020b3480c8afca83d6886f349ef204a3.jpg 136,32,359,159,0
00f2e518e78e10f80b9943af7e12a4eb.jpg 181,31,378,143,0
0466e399993e120f08eb9cee71a27a42.jpg 132,26,315,135,0
05a2ecd808b404b427dcadf98bc27ee0.jpg 115,62,295,165,0
02cae651e728df398353d92e8d9b4cfb.jpg 192,104,336,182,0
05bdc8de93d18434944b5ec820a5ab3e.jpg 96,89,297,204,0
064d3a741e7cc70d14908e2e057932b8.jpg 130,75,282,165,0
068bcfee15bc45f79b13e029ceee23b9.jpg 143,61,282,137,0
061a5c204e7eddd16f5926ee7c56ba9b.jpg 106,73,359,218,0
07e4874bb12537db433543753ae674cc.jpg 89,71,286,183,0
0727da0849956344e3e9f34729198965.jpg 154,80,330,176,0
0af73ebc659361f6954ca9f5cd29b019.jpg 101,89,318,213,0
0861e398fc642da094cc775d24bbfbf6.jpg 116,61,277,153,0
09a343f85cdf91e0c67860b6a8679e01.jpg 150,80,283,157,0
09d48cb26811e0d5ae6da23323e3ba7f.jpg 94,71,339,207,0
0b1f410d08af52ba5cd3a65b70fc4724.jpg 99,82,365,232,0
07503bfba05d55d61e8396b754451b3b.jpg 87,43,294,156,0
0c295bd5f37bcdc3ddb3bd932c8b018b.jpg 81,68,346,220,0
0b2891854cc868c208a6d77d4c6693fe.jpg 179,61,337,153,0
0c56aec9a54ea2bf420b7fc17d389dae.jpg 132,68,289,159,0
0b8dc829d93fd6c06f4e4bb3909d5cf3.jpg 109,49,274,144,0
0e341f30b71bb28ab48ddd626da2e4ac.jpg 110,83,336,213,0
0fd9a46686834893ae87b1d75ea51c51.jpg 141,76,298,168,0
0b5cb5b5f0c88b56d21d3ac523c3540e.jpg 140,72,319,172,0
0b6b99a256b61a32e6af3b3ea309b137.jpg 108,52,317,167,0
0eed30aa24a1cf082977faa1181edf53.jpg 113,96,269,185,0
1128d90fd2a6342bfe5831fbc5de32e0.jpg 109,47,319,163,0
0ee0fa8be1cc2427a9528c671f2204ba.jpg 99,75,340,211,0
11753fa4798213b7558c88d358897a2a.jpg 93,79,304,198,0
105ba3eda364b87b6b5c82260bf8b20f.jpg 82,72,255,173,0
120c5a12d7abeb1d4f6b9d4f1a06f81a.jpg 172,92,315,171,0
14f9b2df84e4faa267c5aa348ae01e24.jpg 129,88,333,206,0
0e57d4568f130a052d5b144f03196448.jpg 84,28,269,140,0
13ae986dbee67aa5a8919e8ab1d0a8f6.jpg 67,32,250,140,0
164d249d234ae177d0f8da4d0e7ec865.jpg 101,56,298,168,0
173ee4ae74c72ad244746f7e4d2ebd62.jpg 129,70,302,168,0
17d19f9e844a960c39fde74bfec1a5ba.jpg 93,55,266,154,0
1293905a8f0aea6713ad3c71a988b609.jpg 120,80,275,170,0
162a5fddac9a03287a026a778cba67fa.jpg 87,66,239,154,0
1a1507524d31ab2a978c6fa419f31780.jpg 115,73,336,200,0
1a498998a6d8d501a27dd5541265e2f7.jpg 114,46,292,157,0
1882f2e90c4eae1a50b8fef7fca9bebb.jpg 95,78,356,227,0
1911ad29015d085b09cfab302dbf23a0.jpg 91,78,341,228,0
1ad711685fdaf2909c943f7e845ba375.jpg 114,42,276,141,0
1ccd6cf6111e9782aa57def139d58caa.jpg 109,31,293,138,0
1dc6312a8c275d268e28999213504ffc.jpg 130,69,288,158,0
1b5c0666ef47437566e8e8595122f131.jpg 91,56,288,168,0
1c97deaaaa7cef6bb25e9afa786c5ec5.jpg 162,75,318,168,0
1b5c1316fb272a7f3848b5116191f695.jpg 137,76,291,161,0
1e5d7e2bed3fe23c125f87c7182da061.jpg 97,99,308,219,0
1f0f96268c97e67cd9b247837164336b.jpg 88,85,279,195,0
1e64af26f52b388fb2d8318e44dafe5f.jpg 121,70,275,161,0
216a1271ca4824881dedf7ab6d408f4a.jpg 106,92,315,211,0
20d9da4299ae4bf7751cbabad3db87d9.jpg 119,67,273,151,0
0c792cc6960a8611cd39387f1b0e9383.jpg 86,49,258,149,0
22f1a5c2bbc654d57835c1f019e89e8e.jpg 104,81,368,231,0
21c6c18069a96064194705938518c238.jpg 140,85,278,159,0
10440e2895f53a69efe42667ee2421ec.jpg 120,61,276,149,0
2339f2ba8d8a15bd9cf1e9f0098e85ce.jpg 91,55,288,167,0
1fc9d868839533d862bf942946221832.jpg 54,68,214,161,0
2497bf6850e4ed392f47a3fce881451c.jpg 133,67,294,158,0
18fe6eee56a2627e2c2d00cd0b6b9baf.jpg 117,89,324,210,0
2555452e8e292696cceecf32e4f8ba34.jpg 143,62,283,138,0
2726bfc0534e8bcfbd3f6375e1e53f27.jpg 98,86,285,192,0
2665283524f097e2d31ddf0f755adfce.jpg 142,72,300,163,0
221741d076f127daa90edc1359e4232c.jpg 109,67,391,227,0
244747d7962964a85d14773c115cc926.jpg 120,80,288,175,0
26855430acdd22a6f213cd8af3125e1a.jpg 99,40,306,159,0
27f416a0740fb226795f278ac9b21de1.jpg 125,61,280,151,0
27e62fb8c53b3660fb60a80aae1eb2d1.jpg 139,76,292,161,0
29250d33a1e8df1bc83eba9e4e2d79c7.jpg 135,35,328,148,0
2a04f8063f961ea9683bfa7896a773b3.jpg 114,76,272,171,0
29b8c6254362d7cf32955c15776fdc4b.jpg 128,68,304,165,0
29f4934192c2e8057a9fec6ac88c8c1d.jpg 137,73,290,159,0
2a79b319dc2d808ec939ebff8e7794b4.jpg 151,67,285,145,0
27f6b4f5caca61f9a431d11b1a2133a1.jpg 137,76,292,163,0
2ae95bc984845b5da5330831c4b3fe9d.jpg 103,96,310,214,0
2adcd7ee97954ad2d1488ae4de766e15.jpg 184,26,381,138,0
29f5801b672d5ec5f9fc088d99efba5b.jpg 77,66,291,190,0
29424d918350e4d3c3150b71ee9e35ee.jpg 138,74,290,161,0
2d425b1decbf978468ef31d5c4f50e13.jpg 185,96,333,179,0
2c8f025d2639290307b1dc878aa22e39.jpg 118,96,267,180,0
2b44055fecc7bc723c5fac69a1545cb3.jpg 116,31,305,140,0
2b67b7127eebcac5206a96ae7f4cf59d.jpg 140,76,289,160,0
2c64eec2848855621bf3e7efa46ed1a8.jpg 124,68,286,158,0
2d6b977705e47100d92f8c6445f6e31f.jpg 112,83,275,173,0
2b0b75f4bc79b3a7b5badb89ab3bd895.jpg 124,99,283,187,0
2c8601166e99c2a90d7cc52f4194cc8a.jpg 45,68,201,158,0
2ce4b8dffe821c7d7ac33c4feff04a05.jpg 138,44,306,151,0
2c26479fea5a242e48e28ea15e0a34e0.jpg 129,89,285,174,0
2e443acded9995020d02f5ec6673f0e3.jpg 90,50,287,162,0
2dfd06b4fc8ccb3a6d2041c56f00ae9e.jpg 138,52,306,146,0
3044ccb556028984db2aab3c264c4c75.jpg 102,81,334,213,0
32d4c770c5befc72c150839753c45abc.jpg 103,90,316,208,0
2fb1c8f716d07adb7472ea3b7b0a412e.jpg 78,78,293,202,0
2ec9c6f4c2231a19bb68c263d5015b5d.jpg 99,77,312,200,0
2f57c6450410cb326c17ccbbec050cfa.jpg 137,47,306,159,0
2e76f061629b1a640e818a3feb32768d.jpg 111,60,316,173,0
2d922b396a86770ca642162802ceb1a8.jpg 127,34,317,143,0
3388654422d4083dc3f7c22571cbf3a2.jpg 139,45,306,156,0
3310497752b38639f3cb3f349dc327e3.jpg 139,62,281,140,0
32f91bbebe2ebf38cc6e87fddd8cce6d.jpg 148,77,299,167,0
33d6f96e91f484e0aeeb1e607756f21c.jpg 143,55,320,161,0
3667427826563db36b184cef7481da0e.jpg 127,61,289,159,0
35fb3f28c46e38a3aa44773a1fc4fb6f.jpg 140,71,292,156,0
3533c68e1cc86cd81d680a36e615f6e6.jpg 185,103,327,179,0
3692f8be2e03681e261fa6b2f4aa27df.jpg 93,79,299,197,0
360222acefde1035731a117fbdb0efd5.jpg 91,75,288,187,0
35a6687028a2b2433b38e1b877dfc549.jpg 120,16,316,137,0
36e14e4fcb8d523c9ed1395c09d157b5.jpg 129,67,295,155,0
36d5847d64462fd6a970ae375a03900f.jpg 113,56,282,161,0
3836c7d717c6e46ef441a0fe4f82967a.jpg 73,71,333,223,0
389827bae0f690f41b62e7d0538d18e6.jpg 112,21,306,139,0
380f2343cff5f5ec31e58d3ac7608399.jpg 92,70,251,161,0
3928cca6eaf1356983dc0503fbad318c.jpg 76,83,297,209,0
36c180a79f6fc27ffe440038dd9f53e8.jpg 86,43,258,143,0
38da75b61809d61a058e00d0179fe9be.jpg 65,64,218,154,0
39b95e294a0b4338055fe1d14dca9412.jpg 128,65,287,154,0
39f891dfbb3057786c79404148eed0cc.jpg 109,60,307,173,0
393bcd279ce4d7ee7eb97eec6ac3e978.jpg 130,86,280,171,0
3c6f9f4dd303a246079ee57aeb713ec3.jpg 111,31,308,143,0
39f737b0083d74e400f1cad5e42dd0b8.jpg 191,68,351,159,0
3bcfe8a605f204af45dbbeec9dcaf234.jpg 54,76,320,226,0
3c00e3eadce013f04d783424e830917e.jpg 99,61,260,153,0
3b490f933832c5b71406cd4d986d4349.jpg 130,106,289,191,0
3db662959839a20a5acc446f881cc01b.jpg 153,59,295,138,0
3d2b20f691407a9ece320364fffa8de4.jpg 138,72,295,166,0
3e09cc6b8639d55107b7093cee85e311.jpg 60,77,332,232,0
41b624d4a9a05c5e691a47608435eb43.jpg 92,52,289,164,0
3f02cb9c56bfa093768386d3e804ce0c.jpg 103,55,304,171,0
415c43eab06e9af89e9c518d3af1cda5.jpg 98,68,246,151,0
42a1409be23e5a81c029a8c484d9b309.jpg 83,71,341,217,0
40f0403fdaa86634a8ab953eee0b4a34.jpg 140,73,308,168,0
408f3b9f218357a41bc3f866669681b3.jpg 154,63,295,144,0
4314a7649cd58f73880663296b3e727c.jpg 139,71,301,165,0
425df502e7594017e62dc8bf0b036224.jpg 83,64,365,225,0
45b7d4b9dc6fef9037797c5ad3341862.jpg 134,71,288,159,0
3f663a7a20bfe4638facea2c8449634c.jpg 163,84,307,165,0
459eb37a194cb5be9ecdafbd8b131c33.jpg 131,69,313,173,0
4669b3e786072d7488fe8c97fe88231a.jpg 72,68,238,161,0
46847d13c7d7c80c4e727dcbc106dc44.jpg 127,67,287,156,0
43c7b2fdf4acfa371093db58f8eca72a.jpg 125,8,321,128,0
394fb153d8ce8b716e07b13266a794ac.jpg 126,101,283,188,0
45e5e7b001d78ed9b07ace48c6511ae1.jpg 173,34,370,146,0
44d71fe4fa1c05da66a690c8a8c19c6e.jpg 191,99,335,182,0
46ce8c8b38858262df8936e44de1e66a.jpg 132,75,284,162,0
4676a2a253cefa132b5e513475ef2695.jpg 130,85,283,172,0
47d9270b4a0d20b690ca193a4277ac2b.jpg 116,63,312,175,0
48e47f6bcbe83b1a3d792d21e6a13ad0.jpg 134,35,355,161,0
486940eb0854f7b3b46f9830ffec74ca.jpg 99,36,296,148,0
49d6940968edb7e6f8059b93913d0af3.jpg 114,81,272,166,0
4a71a526d3f59031a8a0e3fea661687b.jpg 70,39,234,138,0
49ba1037ace59905ab5b9c60f5ade0db.jpg 114,44,280,154,0
48e3c249464111f5d0e36208fe671532.jpg 168,71,305,146,0
4a79b7806e9d79076d18ba6d8e43e744.jpg 91,50,250,140,0
4c1c093f0cbb911dd34e71302551f085.jpg 98,53,253,143,0
4cdbbe5abc86f86dac9defb0f2e86b65.jpg 126,70,311,176,0
4da6968c7b3e55a7d9ab4328438d69de.jpg 130,51,306,161,0
4cb4b4632fe792bee0bc20de28e6b0b8.jpg 94,59,305,179,0
4bb59b968e0bcd73821c672825420bf8.jpg 142,75,298,166,0
4be5430277a161f31204d96b904397f4.jpg 129,101,287,189,0
4f8ee3880650fe461aa8c71fdb4dd9f3.jpg 131,67,297,161,0
4f3b130671788baec763e085e4514872.jpg 172,48,336,143,0
4d665f257fb1587b4bc6d66f48562652.jpg 118,65,278,156,0
4eae0c1a2e14b2da8159012f50a22167.jpg 59,78,320,225,0
4ff1826030d585cef2f649225a15268c.jpg 143,61,284,142,0
50af2ae02ed1d8cca2ac91feba67e84c.jpg 107,95,320,213,0
51c9b49819c8ce1886742d0d169999cf.jpg 122,69,282,158,0
52dfecf9a85e1d609009d6d570150447.jpg 109,45,277,156,0
52adcba443281e0e10c9c936df2f4da2.jpg 131,111,287,191,0
541f2e449decc65c595091031587f3f4.jpg 96,70,343,211,0
543331987352bf7cc3e6676bb271b1b0.jpg 111,89,318,209,0
53387f3b855e30ad0bc4f49b7afb7495.jpg 121,81,280,171,0
57f5afb26bee2eb33814d2a650224633.jpg 94,54,290,166,0
56a1c444636c1918f3f6e33fa61b822a.jpg 91,44,287,156,0
56c9c37c806f3a64365b610e1022cf8f.jpg 157,63,301,142,0
5585b10d767dfbeccf4adb407665f550.jpg 163,87,317,176,0
56c4a22dbc02e93ff51329ff1096dade.jpg 135,64,292,154,0
587af69a3a1f7cf2878d641cc0fde758.jpg 128,36,315,144,0
5893f56cc410fc050ef1333cb62bda42.jpg 103,66,387,226,0
53df23c74e90ef6dc946d06c51621863.jpg 97,80,341,221,0
59143bc495083c94c69fa7b1e0445961.jpg 137,72,285,161,0
5923be4455650e00445ac7445c76408b.jpg 96,82,313,208,0
5974879d00600a6f07063165e33681e6.jpg 125,71,282,159,0
5980e73d7ff74f4f3a0cc2f2e71fbcdf.jpg 71,71,340,223,0
590b8cbe04f2b2c346ada5c84192fa3a.jpg 114,88,273,173,0
59f5000bd976ebea77b8e1d4fa0d8852.jpg 146,73,324,172,0
591b53bfe3aa63d95d1fde76ce7ef11b.jpg 140,87,344,202,0
5ae6865c7a6576bf46848fe757bfb0ea.jpg 135,74,288,163,0
5ae06c0cf7924e1647a30283ec5e5c4a.jpg 132,68,290,161,0
5b6fa8642e7d581e645f8e6b6f5a2ab4.jpg 90,41,291,156,0
5b9692277b00c5c9521724a66c0287ce.jpg 92,66,382,230,0
5bf5b98e5ce1a3e80fd17f90c2b7ba06.jpg 170,59,331,153,0
5ca79dfbd148dc8a82d65c9bab031e1b.jpg 133,67,289,161,0
4d522c47e185867b1f7f61538ac59f99.jpg 87,63,366,224,0
5d4cb9eaa60596d89d01a436a6675b24.jpg 137,75,291,162,0
5d8e049643f784d6e38f82ab765247fb.jpg 112,98,262,181,0
5c6b779e73b61bae979fd0633fb0fde4.jpg 112,75,266,163,0
5dd7510f145fe41c85aad5989a2fbf72.jpg 99,79,339,214,0
5f58d3df37dbebbf0ad0acd1cba764c8.jpg 109,66,269,156,0
5fd7793946876b22653aaa70f36faac2.jpg 109,38,326,157,0
60bbdf11ecfe1a0d666809a9d5eba987.jpg 154,81,315,173,0
617578a1884f14432f0c138204c8e3e2.jpg 173,58,331,151,0
621fdf95d561c6c092293745494842e8.jpg 138,76,297,169,0
5f87b44feb7caf67077e6686c3ada82c.jpg 98,53,301,168,0
620ca72718ad12dc70d45895ae9d9d7c.jpg 85,64,375,231,0
5e54590a58bc44e56c323b8547fb068a.jpg 109,45,306,157,0
6250c4f2bfb05f95bf27f02898ef0654.jpg 101,50,303,166,0
629b5f7518808dba00aeb52c7e215979.jpg 99,49,260,144,0
628132910ff1aa7af8d949b7e3a103ee.jpg 147,62,283,137,0
5b21b4f5bb59839a504bacf3ef2fff73.jpg 93,80,296,195,0
62fdb2523ef26b3e54f8d7679971143d.jpg 123,25,320,152,0
62fd3a003ff3a15922c8a5145f971fca.jpg 95,76,292,188,0
64ec7ea647016dc472c73f77ef937aba.jpg 136,61,300,152,0
63122028ce3b3256ca6706abf27615f1.jpg 121,86,273,173,0
63126c98ee012e52103ef06aa74dea58.jpg 192,49,352,142,0
655f5407fba468fa798c7c192290d92a.jpg 157,63,312,155,0
634f2f811126e83507d3ef4e2c77797f.jpg 107,40,308,155,0
639763d67691002049734d691d2ddff8.jpg 104,53,273,147,0
68440280efd0e1c384de322f1d0d900c.jpg 97,89,309,213,0
681044714ca72cd4d36903b5054d4905.jpg 112,42,315,158,0
665583e5bda75fa8808e9ad98ca68d50.jpg 76,66,237,154,0
69b32bf443155302abdfcb0dc360be6a.jpg 101,87,315,211,0
6b7e6f92d74f59eb0b4f1d90cc28ecf9.jpg 159,23,348,133,0
6916bde0ac66494ba71720789183b0b6.jpg 81,64,237,156,0
67a6a799bd1ad4a49cf39984f0fcb7a2.jpg 96,68,253,157,0
6c09aed7023a2a5e45a8789d4fc84c22.jpg 83,68,359,224,0
6b1c8a5962da217857e9b3b1a6c27eaa.jpg 132,65,288,153,0
6869818367d35654c8537f1a8c0d3f0c.jpg 116,56,282,149,0
6c50d330f8961fc7ebe5d625ccb0f1ee.jpg 133,69,292,159,0
6c6e085a773a780e034a3ebb7b9d86b5.jpg 169,65,306,148,0
6e1dc769eb4d2fb8f7d9b6cf8b63e263.jpg 145,70,322,171,0
6d113191099dfd7e78d4ac9e6e9504ef.jpg 139,79,302,171,0
6d3013060b42beb8ca40a1b281713da2.jpg 72,64,319,205,0
6e758bf842113010e0fa5ea740c39c45.jpg 81,71,337,218,0
6e458c9262cd6687c5909ba5cd3e233d.jpg 107,88,319,208,0
6d61f24da07144d6ff88ca9cda9499da.jpg 55,76,319,224,0
6f6bff5f56f8d68035853b47eed33a08.jpg 132,64,292,157,0
6f750303aa859c58b60a4786c0a59d7a.jpg 132,39,317,145,0
6fc2c97bbec8a03682cf2b501b0efed3.jpg 100,85,312,208,0
705b184428344430de725fd1b4e93c99.jpg 100,49,266,146,0
7088c9a2ca9a434d0e5387e2c650b807.jpg 109,47,272,158,0
71609b0931050c9db3a390ee0f5dd368.jpg 133,65,293,159,0
717defcee92d425a990a606b6d28b9b6.jpg 109,55,305,167,0
72c1e9b8187025c67a370aae20704f34.jpg 107,56,304,168,0
7093c9de2ed08d88b7a54eff64016376.jpg 131,94,291,182,0
71684a0c016444488c582b9a49bf502e.jpg 95,57,272,157,0
73eda14fae6baeea3dcc3dc232cac98d.jpg 107,28,304,140,0
735b1faee63f82d5a1c87896f42328ec.jpg 124,69,280,161,0
741727101668c85fdadff43d0eda3692.jpg 146,84,281,162,0
74481316eba7e90173f5e17be126f012.jpg 75,55,231,140,0
75bffbfde6b5da709373ab72a3bff59d.jpg 96,85,314,208,0
7466580b3534f2046387a75e45c736ce.jpg 96,83,310,206,0
767428f78866d02d6f0b7c4fe5202ec4.jpg 140,38,334,148,0
7783fe3800bc416309e9d00a292e26d3.jpg 120,24,319,154,0
77811601d10b25720e75e3055d709d4f.jpg 119,59,286,151,0
7429f3e0fc46bc9cbfb179e1c23a5b27.jpg 124,71,282,161,0
7543efcb580f8f4afb6352b3e7b9fdce.jpg 116,82,275,173,0
746afe6c54528d6ca07a4aa813dd8f7d.jpg 180,64,340,154,0
795835113cc6f807627eaec538881f84.jpg 144,64,285,142,0
7ae91db28dfd1594389f5ea2b846b618.jpg 133,65,290,158,0
7876060d53bb41ad7f6bfc74fd4fbbe3.jpg 184,24,381,137,0
7a5d1ed5e004c28e9c35fce338eff4af.jpg 109,54,306,166,0
7cc36e92a02b2af00e69ffc644b2aa5c.jpg 79,74,254,176,0
7c56c97a9266371baef48c2a40b49c88.jpg 97,80,252,172,0
7bb7c5ba16c6a656be73d36d4db9d9c4.jpg 168,22,360,133,0
7a2d96c91b921cf494d357e4d8d20b93.jpg 112,72,266,158,0
794b8ecd424d54c99446bc2f0ce2185f.jpg 89,66,366,228,0
7c4641f4670df0e60c335200f921c6fb.jpg 182,99,323,176,0
7e7c40f4badd3d69b513f27905668e18.jpg 52,73,318,223,0
7efd8f7814b2f4bb9bfbac07a2d15a2c.jpg 129,27,326,155,0
7ee61e2f35d6f768298cc224b8d1e6fa.jpg 148,83,284,159,0
7e8e09a862361a468d590b0f17dbb1f5.jpg 93,49,290,161,0
7db655abc391a0cf58f47d8ae8135745.jpg 111,55,308,167,0
7feab0e47ff90b4ac45d4c8cef998bc1.jpg 107,88,320,211,0
7fe14bf02515fedd77ab41f8b7a34ccd.jpg 166,61,327,152,0
80131eb1578edb37a666b78d945c397f.jpg 106,60,272,159,0
800689a2b4ad54ac891a10f4b72add1a.jpg 114,46,272,148,0
7ec8d9a89cfc20c4c775a0b390e2867f.jpg 134,61,291,153,0
8051d3619f1f83669c34e8b1dd59ee40.jpg 123,93,277,179,0
80c6c4f4d2ba81727d63dd31d0541f5a.jpg 65,27,254,134,0
7ffa7b6d37a1459377ab5a3b9747e6b1.jpg 134,64,292,157,0
8225a9334097a070f61fcb2d39e51715.jpg 147,90,306,179,0
845f55f50cccde1fc1c235c658be8457.jpg 126,72,283,162,0
81e1b3546291fa166486e58371a12dec.jpg 103,74,260,167,0
8383b9e0447f8f50dc1e0bb22c16e140.jpg 140,72,289,158,0
841fb1f5b3908f00e10e26272b0814c6.jpg 101,89,316,209,0
84d296364f716bc9506f587a01810427.jpg 118,56,290,156,0
8383d752890543a19cc328727e99d331.jpg 148,86,310,176,0
82f4054d65a1e86b094bcb5a5579026c.jpg 109,45,306,157,0
850b2c61ec679844cf05909623979497.jpg 109,43,283,156,0
851317a8481726538201e33a22f19224.jpg 137,76,289,160,0
866f4792f2ccafa370a5c9b72962122d.jpg 101,32,309,158,0
8515c8e8ed100dd37cc7f02d391d829d.jpg 112,67,267,158,0
81a69e631658d7069dee34868004cdc6.jpg 126,96,281,181,0
86f10bcdb6a2257acbea0c2405ee3b67.jpg 110,41,307,153,0
87097977b52b815f87dfc8cca8a26f38.jpg 181,28,378,140,0
876df785a82e7b219aba93c7cf7fe339.jpg 195,60,359,150,0
85a71b8b2b4646557c36f00cdbcaeb2f.jpg 123,33,320,145,0
8848e762a95e030c4cdb4a3506f28153.jpg 104,25,290,135,0
89c904aa06ad02581fca34e48fe523fc.jpg 117,62,282,151,0
83ec62062e4e834b2b57ea392629dfa4.jpg 130,107,290,193,0
898c90dcba923ef29879f21ac7c5f0e1.jpg 155,73,292,151,0
87718200cea3ed0d251dcacc6499d86f.jpg 138,76,287,159,0
884c39917f26ffe12b22607541e8d655.jpg 101,70,340,209,0
87f7d8448855dd1b968a3f4e31746781.jpg 60,69,216,162,0
8b86411139c4d4e8206549c5a69d87d2.jpg 66,28,257,136,0
8b3602ec0026c7f5b2d88732e24e62b0.jpg 100,34,307,156,0
8dbd3498ad0ad6e9f2275c2b7aef52aa.jpg 116,55,281,154,0
8cd95b3ec6a4ac86be4af25a744f553e.jpg 133,66,293,157,0
8dfe46d302fee3db81bcaedcd78f28a4.jpg 106,51,266,145,0
8d89d2fdaa780456fdde058164456f29.jpg 156,63,298,142,0
8e74d92788bd0b0d2f7308c407dd7f38.jpg 131,71,285,161,0
8cc0c85ed92bf11b6d7c8bd89df74213.jpg 85,51,282,163,0
8f0236a9439488696fafff5e626c929a.jpg 126,96,286,184,0
901a97547985192b07d27e4a74330fdd.jpg 147,75,312,165,0
90bec3008c29c68c57243af65e331349.jpg 134,65,291,155,0
9070a32f0a9c72a21deb0dab1aa96a79.jpg 182,67,341,159,0
90d9f18f12b9b0309a1bede8b390c602.jpg 125,91,282,177,0
90feb523c1031d0af0d7543f9aedab3d.jpg 181,29,378,141,0
90dbe68d41277f7d6947dd8ed288f57d.jpg 113,92,277,178,0
929b9e54b8c0e0778a805c5935389e37.jpg 91,41,278,147,0
928ff6f642b45cb2b7dbdb345658a92e.jpg 127,68,286,158,0
93435aa50dc6277bfd2acebce55bdb82.jpg 125,75,282,166,0
8f014c9b5c65cb6f154f33866f20cab1.jpg 94,75,291,187,0
949e0e7200f23ad5fb9e14a8484068db.jpg 91,39,297,156,0
94dc6cd90dbf32c03eeea8ba8709696d.jpg 67,61,228,149,0
95eecbb4de812aed16aeb6ec90c6a619.jpg 92,78,285,189,0
929f1fef5c0f8fe7a62e3515bfe4c95f.jpg 88,80,241,169,0
95ff2e01c139676dff43681398cce008.jpg 117,83,268,170,0
9600da20edf1f1df3a664b2aafe34fed.jpg 101,94,298,206,0
99b4f5db202a5481d45bb24bf3d5573c.jpg 136,72,289,160,0
9503825efa3ddcc5cbb28cb1b8a24f6c.jpg 139,65,289,156,0
991f2e7bd25d920582040bff81e58631.jpg 144,59,281,137,0
99c957c9a49bc155ab5935948ae9911a.jpg 109,96,251,176,0
990b0c916e7f565e1e22d04d8facc686.jpg 132,79,289,167,0
98233d5d8210b9193ff9231b2382d78f.jpg 133,70,293,159,0
99f8ff7d78650c8e295179098deb1f77.jpg 151,69,313,167,0
9a84939fa9513a2c7d89731f131dd582.jpg 126,39,309,147,0
9a849f7900989a1123db8e3f6b7c2199.jpg 156,37,347,148,0
9b6de121772fb66186f1b0a633c77f9c.jpg 80,81,351,231,0
9cd08654b5a601c797ca49168d0dd4e8.jpg 125,60,307,162,0
9a7ea43aef17bc20f0d7457bc02aa758.jpg 131,79,288,171,0
9a2f9d34f15d466f3f077c333c555197.jpg 111,45,272,152,0
9a571974cbf3c4e658b6934a4a6e073e.jpg 86,61,246,149,0
9e42082be345449d2a60c7eeb0dc7d8c.jpg 104,39,308,155,0
8c3d890090f7e372fdf4882608908e23.jpg 92,56,307,176,0
9c39543c7386920cf83e83ec44cd3369.jpg 128,39,341,161,0
9dce3c54c614da111398214593364872.jpg 133,62,329,174,0
9f3f13222b2d4ef4aebdd6fa6b4db197.jpg 119,93,277,178,0
9f7ab0b9070d1e1d639692d112da1c93.jpg 107,89,317,208,0
9f026ef8e78086e3779ae10578e874bf.jpg 127,49,302,150,0
9d8dca5991d24d4cac2b093e36c3d303.jpg 110,67,377,218,0
a178171ada1b604d5fc8e0ae26059063.jpg 123,65,312,170,0
a0e606fcd414eaea08f5420c991b7c7e.jpg 133,76,302,171,0
a1c7def15b6aab799e765f8c426c5b42.jpg 139,19,334,144,0
a3218488a296d0d9ce07914022b09edc.jpg 153,62,294,140,0
a10d0f65407808ad026f050765821bd3.jpg 141,62,320,165,0
a21a9026f588c920626f2111c6772e2b.jpg 82,39,266,147,0
a19b31af23574b1b7a9855499463132a.jpg 146,76,298,163,0
a3db3fbafef1a1545c82ccf3a56c4acb.jpg 112,69,387,225,0
a429b1f2d7771492aed37454e835914e.jpg 109,61,265,153,0
a336a14fc01fd9b38ec7984873e70dba.jpg 121,98,277,188,0
a44fcc0c3db6a6e5c1b245e053f414c6.jpg 66,60,322,206,0
9ee594105d0b9cc607b3c56a0f19c47c.jpg 88,55,263,153,0
a46656d0d95a043dd20e6ea1ff97694a.jpg 112,85,272,173,0
a3c1b80221165ac41c78699d0a283e2e.jpg 80,65,366,228,0
a5fc068db3a41fa955d95f83140cefaa.jpg 95,78,292,190,0
a5ad5cb53b9c4b32c1d7c3fa3a036134.jpg 101,28,297,140,0
a511cacb7fbbb8da9af1d14a8deaec13.jpg 92,70,337,208,0
a63072122bf5c3c6528b47f41249d847.jpg 146,84,282,159,0
a4fe74a7d60da6eab372bb837fdce7ee.jpg 127,105,287,188,0
a705a04169e805c3643930d59952b387.jpg 101,98,309,220,0
a69d740cd75ba9c63aade8aefe4637b6.jpg 71,69,329,215,0
a697080cacdea4883c0a057d79a1c800.jpg 122,93,276,178,0
a1f3ea7362afe968d885c4c87279cf2a.jpg 85,56,282,168,0
a82c873e29c1868e3641d8f03afeed84.jpg 79,42,255,143,0
a7b0701db2eca675ccc69cbf8f6bef98.jpg 109,34,306,146,0
a777c75cd601a1635a4b8704d60f1f18.jpg 178,85,332,170,0
a91d026e749fd0035733c5621d6c99e3.jpg 124,77,274,163,0
a77953933df03880defd21e90a037d05.jpg 81,72,234,158,0
aa0e4be09be94b3bf807acc9dcce6b77.jpg 141,66,290,155,0
a98c9133c7ccafbbc882f1fe229b5e0f.jpg 112,49,309,161,0
a553260fea9a53b5f7277258a985f53b.jpg 109,56,306,168,0
aa47097276eb2fd38e96294d3c33f7e6.jpg 132,26,329,151,0
aaff51f702333ceca6eed435a515c01e.jpg 56,77,327,233,0
ab0179f8e68cd3d5a24dd7d22fac21d6.jpg 65,23,254,132,0
a9fe7a2ebcf7b535ca71f7aee5adb198.jpg 109,66,258,151,0
ab05bdda57faf0e223fe2baecfebe00f.jpg 84,46,241,133,0
ab252476b472066622a4926b82a24e7b.jpg 104,91,319,214,0
ab6994f7a32d5e73875d6911e4fcf24d.jpg 94,64,290,176,0
ac35f2fae29dbc842d57caeaf8f31c0c.jpg 95,72,341,215,0
af67a78a86b6e2f69cb8ade8a4087bad.jpg 154,56,294,133,0
aeebb0dbbda82e83454c140985fd453e.jpg 136,83,297,175,0
aced05fc85946f155aacf3b84cb8a1cb.jpg 174,73,333,164,0
ad36732d2f5565d0471c2b75de752097.jpg 119,63,282,155,0
ac8a48e11d3c0afce1a851cbb283220b.jpg 115,99,277,185,0
ad3eec3db6016dabba7eebe01135a7a9.jpg 88,80,278,190,0
ad4a1a2652934ff3eb1f3260aa8dedde.jpg 143,78,301,166,0
afd96d212ca37378b2f524e3f7ae540e.jpg 114,67,272,158,0
ae88fbb0e64103131103ede00ea7c84a.jpg 112,81,271,174,0
ac632e7e77d908442b7fad792376ebc8.jpg 81,65,367,230,0
b0bdbd8854d2c47b317e63964e6ca77c.jpg 109,36,275,137,0
b0d9bc1dcb71475268ddefc84c51058b.jpg 99,95,296,207,0
b2251f756b6956eb6da08c7331b5af9f.jpg 92,78,342,223,0
b25b3d9701997ed24c1f9b01d6a0ea4f.jpg 98,60,278,160,0
b110350d9c2a5d997bb6351067301f1f.jpg 91,88,282,195,0
b21edd442a688866e123c7c37962483a.jpg 143,63,283,142,0
b2dcfccca704e1e6c6048ae7d72f2cbb.jpg 135,78,289,164,0
b29381846b58cf509d128d02add6cc46.jpg 105,36,308,151,0
b1ac7d681e1386b757555603b41bd5e3.jpg 114,91,266,177,0
b1a97f694fbe09f699ce841c5a9069be.jpg 97,78,294,190,0
b2f66c32ae45af15c21f4f7780ee128d.jpg 151,67,289,145,0
b49e7d0a01e2057b7f4e662417caa1d8.jpg 117,67,302,171,0
b4a4affba51db7173cfb69fa94b45291.jpg 100,90,297,202,0
b8680333567b8421d024b78e96a08471.jpg 143,70,293,154,0
b71b5689967083016f7b447e9b1add6b.jpg 91,81,346,227,0
b8ad094e880160977f6dd15667c73564.jpg 100,68,344,207,0
b89e2c86451eaeba98871df4e78c38dd.jpg 117,93,273,179,0
b67b905694b2323c84d2f641c1759615.jpg 129,49,299,159,0
b5d8e418b43ac7d66ed8d4fc779e1537.jpg 141,71,295,155,0
b5a4f08ce1484882f83b3d8fb71efff0.jpg 129,78,285,168,0
b862fcae2e70377c2e63c86f7cddc1b2.jpg 130,73,315,176,0
b9c97343caa52f33a9287d436317fe78.jpg 139,77,288,159,0
b9577d0400173ed815f3e004125477fa.jpg 112,43,322,158,0
bb33d1c36efdd790fd8db395e254bb61.jpg 148,61,306,154,0
bcca2fe4871deb7374870322774dafdf.jpg 124,69,306,173,0
b9bbb0512e8ceae1fbc7ad6941e12f03.jpg 137,77,308,174,0
bc329c3f6aa469de631d9d68d2a202b0.jpg 109,63,270,165,0
ba9eea52be56777d4633e898ceaa1616.jpg 96,75,337,213,0
bba4c44ae6ed4bdbd0005098ebec0679.jpg 138,50,306,160,0
baab32c9fcf12026dab81731a7566d7b.jpg 109,58,275,146,0
bc0b753c7517a127052ba77986dada1d.jpg 71,58,320,199,0
c060b500232a64dcafdcb4b85f23a1e3.jpg 96,36,301,153,0
c21b2f36db9b5a13bc6aeaefc98c0e5a.jpg 94,47,291,159,0
c2f4b5f3aecdd36cdaeff65930aeb82c.jpg 146,69,312,166,0
bdd7ca006e13cb831e08b2522d52bb59.jpg 154,86,357,201,0
be43af9dbbfa85d4ad354a91a83ce27b.jpg 157,59,322,151,0
c102a677c29f537dd7c1c30470d81256.jpg 105,25,295,133,0
c28ff720d058e3ed3e57232801cdd26c.jpg 130,93,278,175,0
c1989347b0f3149a6472ec3bf01612e9.jpg 116,53,305,159,0
c1a3c8fbbfa516422b52c06d927da7ab.jpg 124,96,272,178,0
c23f556922332cf02a7f2e4122dace2f.jpg 126,73,307,174,0
c393237f3c2b0402b09b0f03598e4c4b.jpg 155,83,293,161,0
c3dd916c1d61e3f291e59c7b5c9ca199.jpg 100,89,250,175,0
c4285d439fda07e890ed9b071d3a472d.jpg 133,63,291,158,0
c3d6741f9fb7b4fb33ba1bce1738ccdd.jpg 193,52,349,144,0
c3b064912daef7033c60ccc21255bcb7.jpg 109,56,274,154,0
c74ca46b752cb2d537e8eeed0450d1b1.jpg 94,80,332,217,0
c78bf161bd976ccfbb4d0819e0097819.jpg 196,59,357,155,0
c76e1ccb90ec4560128785cdccdf7113.jpg 96,92,304,208,0
c69aa2760f55681e0ca7d699c1a33d0c.jpg 92,54,300,172,0
c5339e7998ecc2ab05a575bb8503d8e4.jpg 95,91,292,203,0
c7a4e5cc309817f4e4e21ecee2c93905.jpg 111,72,344,203,0
c94f4bd2ef1682bc556c07df471cee76.jpg 127,37,318,142,0
c8d6ea931598a2e8a7daf2c9a380087c.jpg 128,67,284,153,0
c8ad93b673a5130572e74821ff00e56b.jpg 135,70,295,166,0
ca58fb3d1c67bcf2aa404db3b31ccb22.jpg 75,68,225,152,0
caa14a858edd2ecc74b09976719d9dda.jpg 132,15,329,138,0
ca3c63817202f8aa476fed5e13b15152.jpg 131,69,289,156,0
c48b5e2f463f38127116b755b632e9ed.jpg 80,82,234,171,0
c9928bdde192926628232e151b4ab636.jpg 131,45,317,150,0
cb1b1a566a3cc093c08e32dba9a99782.jpg 109,64,285,163,0
cd22ae73fb2d24f03524a16acc246dc7.jpg 109,55,281,161,0
cc3bc532c42a60b25ece156f70643698.jpg 113,44,273,144,0
ca149bc96c7f9c26cb16eb6adb76064e.jpg 109,63,276,166,0
cd7d76de66d200faaa1daf8307d3e578.jpg 120,93,274,177,0
ce1cf36cc898a019b5052afdbc6d92d8.jpg 142,24,364,155,0
cd471b9eb564954ed6f7495992f8de69.jpg 119,67,282,156,0
cf8faf1dd480a2311bc8ba818c4fc355.jpg 77,78,305,207,0
ce3309d40c86c4bf223d2248bb8af0ca.jpg 186,90,336,175,0
cde2fd9c07507951dd5c49859c68cebc.jpg 116,79,270,166,0
d079a80fdddfb9191d0359dea7872f97.jpg 95,26,281,134,0
cfb1160066a8284ce0f440b572026b1b.jpg 138,59,322,162,0
cbc969f4cc40019a439c112c6b1f935d.jpg 81,46,246,142,0
d0d13533c314f09096d220c5f05ee6a8.jpg 131,45,318,148,0
d1445637ce6272139dbb08ad18eefe4e.jpg 110,71,339,202,0
d18681e7800981b269fbdb1a94dc0531.jpg 74,68,335,216,0
d19ea7afe00c6d031914cf9a83b50298.jpg 108,59,305,171,0
d482046b52213440e268895d6207fdb2.jpg 129,73,285,162,0
d3f7a212726ca18b8fe323dc4f3f9eba.jpg 189,102,330,184,0
d3856d60aecb5b7fa9c462081cf403fb.jpg 92,56,289,168,0
d1ad814dc7210d0358ab75c63a0e2d2f.jpg 94,95,306,214,0
d48793cb663eb62fdb33935487783fff.jpg 158,67,315,158,0
d4f9555e71b649711303c185f1c92387.jpg 104,88,316,208,0
d43c8cc27a09498b58c8bc331420b305.jpg 68,24,254,132,0
d2a290008c0802e409e7586e266889d8.jpg 113,44,315,158,0
d1ad372338f3ba437c5f5e901ca04f7d.jpg 52,71,325,227,0
d687ea063ccd48da037fb3ee5a84c07d.jpg 79,49,237,137,0
d90a1ae51c8f2541e3c0c3ead871f25e.jpg 91,49,287,161,0
d8844b0a3c2c4d5133967da480a3b098.jpg 120,23,319,152,0
d85bbcdd25524fabb77e5564ed57d2fa.jpg 152,75,306,164,0
da30050d70be645a42d7168051aec407.jpg 135,64,292,156,0
d82c6b6d5ff9c64e629499650750b547.jpg 85,52,282,164,0
d78c80bf69609ad6abfb9e1df09b52ab.jpg 116,84,270,173,0
dcac7d0488e0b3b451c9e9a34bc197ed.jpg 142,23,334,134,0
d9cc84890976547a19d1cf6cb5c37f76.jpg 146,66,284,142,0
dc68f0755a47e399341981e603a52b43.jpg 60,74,319,221,0
dd47cd8226c53ef24f6a23a554c82099.jpg 74,63,230,149,0
df7c9c2d8d23072a10064b76c2ebde0a.jpg 75,72,308,203,0
df4b1a776116df011ec41471660d2401.jpg 105,64,266,159,0
df668cc35fbd5b5be3d994ec8d1604bd.jpg 144,63,302,154,0
decafd0b76a8e7956f2c32f0c0c033c0.jpg 133,35,320,143,0
dde1a95bee2839a07efb62bec2f840f3.jpg 163,69,304,147,0
e07627acdd33a39bb0cadd9e338500ea.jpg 146,65,281,140,0
df7602a76a4a287e94c1fc1507dd111c.jpg 89,59,302,179,0
e201fd955be26758e615c5541eab62eb.jpg 90,68,287,180,0
e0c45fe870d4110b9c8a8ffe2ee37eb7.jpg 116,74,269,163,0
e1dbd62034eb2d4ce539b905f9afc097.jpg 88,71,341,214,0
e26a8be00dd7ea4f3d9f3cd947b89894.jpg 110,53,307,165,0
e2981e6ebe626290ff02b12ac4024da4.jpg 137,78,292,165,0
e24dd6721df1f21b0a571a5bac7f2b06.jpg 117,90,269,177,0
e25ab70ac2277e9bf13a36e506aa4aac.jpg 109,86,260,173,0
e47c39e84bf7d2156870c854ea9ea24b.jpg 116,88,326,205,0
e2f70588591ebc3553f27a257eebc459.jpg 159,69,293,146,0
e2b42ef05d51aa4924113c243ca222ef.jpg 109,90,315,211,0
e4ec7f03790d5f7acc73d8056b54b46e.jpg 75,85,298,209,0
e2e890093ac3d732a325a1890524da91.jpg 130,79,281,166,0
e54b2b97ac51848ef34c58816a2e7f97.jpg 89,50,251,147,0
e4eeef11bcc2dd00c0e8238b076f100d.jpg 104,23,289,134,0
e52e1cab0ebfaea122011c77042d6093.jpg 58,71,215,158,0
e573487dc4f5a8f979ac82889c897185.jpg 132,104,291,189,0
e581528f22222e70d9865da4cc13d050.jpg 116,101,275,190,0
e7c4e4339f6810f91af3d5ae3c21998c.jpg 112,93,271,181,0
e556a7d5ab4a440ddf134c9cb4171f7c.jpg 94,83,283,191,0
e744d081ef811ac882217222a094706d.jpg 156,62,297,141,0
e8c5f16d7adf9a7f01c7dbddd2eb1cf6.jpg 79,63,249,162,0
e9646c5316ef7f5eb23a1f435df2fb98.jpg 121,66,302,169,0
e7d8a1d738fd7ac64e61e543ef6cfb0c.jpg 111,36,307,148,0
e84cae3ba6edd59c9152c3f65364362f.jpg 69,76,343,232,0
e8c8e229195298a7e1f60521193a397d.jpg 84,54,290,169,0
e9fa2cfa14be88ab1d6dde03066dd48c.jpg 120,68,303,172,0
e9c625904916c67c84a447a7ce1bd7c5.jpg 129,71,281,158,0
ea273f787777ae040d75056ac747faf3.jpg 114,77,346,209,0
eb0f4098d8b2c84099bdc59610d0753a.jpg 109,44,306,156,0
eaf0e3472f6b1402720a6e7a1a0a2bf2.jpg 108,54,317,169,0
eaabb71e78c9d2362168be1e76165563.jpg 125,88,274,174,0
ecaf3bd891194f59308e2d763c541ed3.jpg 103,89,317,213,0
ecb932994e77e40cd544b0517f4821dc.jpg 107,73,325,201,0
eaea67b6643f3cdb4475871b38474aaa.jpg 142,49,322,156,0
ed09e567dd8b637b650585ee690970a4.jpg 81,72,260,175,0
ec7dc10a20f41ede525593cfe8409511.jpg 151,61,297,140,0
ed72f89a42305d8bc94e055b8a7ab477.jpg 136,65,293,156,0
ee772e1d6861a3e53118512b14020552.jpg 131,43,308,149,0
ec97472fa7d8715c5202352b59be945f.jpg 141,85,277,160,0
f14436c6ce621c1246ad1817a1c44401.jpg 119,102,279,189,0
efc973d4747faa8347f1ab4036c1a941.jpg 161,71,298,147,0
ee7d627c8c3421fa8403d84cd9f75ba3.jpg 75,68,232,159,0
f1670b2e03c7962ebe6f535ed7193b55.jpg 79,70,342,221,0
f04b994e9c4544ea7b002be60bf45e9e.jpg 163,78,324,169,0
efa4eac1828cd032c44b4effc5f9006d.jpg 91,85,304,206,0
f27d9d4a879bfed26504f1417b22d6e7.jpg 113,38,310,150,0
f0f5e28bf5805ac2f25df0c39d115a4a.jpg 189,69,346,159,0
f377d28e76e65f1d4e495e54e51574c4.jpg 69,35,254,144,0
f6c41d7d086f799e142bc14aa1a9999f.jpg 131,64,293,156,0
f58be3223e11b3889e8441074424010f.jpg 106,38,314,162,0
f5c95604eedfdb30c287ec28db09a54f.jpg 175,24,372,136,0
f6f4b6f0edbe82e13a6e271438f254f9.jpg 126,69,284,158,0
f745c0ec99e979e6065cca6b8906a2b5.jpg 109,84,264,173,0
f5beab48d5f6e7d45f5ddc7b8719c8cf.jpg 83,61,300,184,0
f9bbe995789ebb4878f30ed776e2c629.jpg 102,49,304,165,0
f18ea10b76de1317bb2d2d5c466aa89b.jpg 102,62,299,174,0
f86b1e670f0180f756dfbecb8c5dee1f.jpg 127,96,276,178,0
fa717b92329a3e9c2d23aac3f7483484.jpg 91,76,273,180,0
fc7ee5e3edd932d20ac7391259351d31.jpg 112,69,266,156,0
f9f6da7a460d8041b968f79c15947f94.jpg 155,61,292,140,0
fb9578840b48fe565dac9fa2665bdb9d.jpg 137,69,290,153,0
fc9cd0f15b6de88c10ac9811a3170ec8.jpg 142,64,280,142,0
fac017e0b8a587e1fcd0e08a23156f49.jpg 134,72,291,160,0
fc914bf8a946a14ae1d419fec351aa86.jpg 132,61,311,164,0
fc56d7f4c1a4dd8f3f8eaecadfc0b0bf.jpg 147,62,289,140,0
fd60b75f6005fe5528754573fb993acc.jpg 122,48,296,158,0
fb7ff8120443568f8a4ab60905d942f3.jpg 100,74,268,172,0
fb15dd451e0c3aeb1ea9198553fefbc4.jpg 144,63,283,142,0
fdfb9ce564769589f67b17e909439acb.jpg 109,61,270,153,0
ffb58977a2d4de6282628f4b40497863.jpg 116,86,270,173,0
fde73d962042504a053ebea09a0e9e6d.jpg 59,64,323,214,0
ffee63245ebd12ba450663ec0fdd320c.jpg 136,72,291,163,0
fec2fb542496a74cc22e9eb3c6994faf.jpg 129,74,280,162,0
00b95fb50aef623363dc23ae1ecd8820.jpg 139,99,278,187,1
004533ed3c3ccc57fb033aae285988a6.jpg 141,89,279,185,1
022e1699679dc449124b431a2a6231d9.jpg 127,81,289,179,1
017fd46ae016b49f24bf2b7580093e0b.jpg 133,107,266,185,1
04a1b643e245ffabe642efb7a347abc3.jpg 97,69,268,167,1
03401eebfc9cecc8b28236422966a118.jpg 141,114,256,178,1
0310db8c891c6c676646a7a95897abbb.jpg 145,107,291,188,1
01510b3e1b0ea37f24697182e6665eb4.jpg 137,104,268,179,1
0486fd2c908d232deecc57dab1e8e0e8.jpg 156,104,289,177,1
02830df884ea2398c34a6de37170b5fe.jpg 75,87,252,188,1
04debb77577dd7456bc2b5600c09a521.jpg 91,66,266,165,1
04fac64e739defce68c5a5a6afeae54d.jpg 140,69,304,168,1
04b5f8b62295c89fefea7e0d88e124fd.jpg 84,63,302,189,1
0584769dc6650cd2abe5efaa31aa313b.jpg 151,109,265,173,1
05de631c108edd16daed2b23ef86b906.jpg 146,90,250,151,1
059c28eaffa5eec4523eb2e0270ce7ef.jpg 113,50,288,150,1
05bbceec3ec7ce702808f3be9cabe92b.jpg 159,85,319,179,1
06fb3d62bc332c094d644e200bc18ba4.jpg 149,75,307,170,1
065c8da042f26235dd2b2eda917c46ed.jpg 111,96,282,191,1
076fc3b90f7c88922d5060f755b453bd.jpg 150,72,314,166,1
09ecbac19816ddbdeaacc08b59852f57.jpg 69,81,226,172,1
0912f3ea5e2a9fbf500eff8fd132d6ef.jpg 146,101,297,188,1
085bd14e445ba0883d46e3175c0d9d58.jpg 164,110,300,200,1
09b7f936ef9d538968a4a79d8c876b52.jpg 114,99,230,167,1
087140be8b9b691f46a6bca68ef313a3.jpg 121,101,258,181,1
09219e714b0aca6baa0e6886d42e7eb0.jpg 128,105,263,183,1
07a11255e1af1bd506496101f5836306.jpg 144,89,321,190,1
09fb0de473c7a8e1696e39e8528f48e7.jpg 86,61,309,187,1
0ad0414f6365e9444c3e7f0081373a71.jpg 35,77,226,186,1
0a3a9ad20cd550e9d55835d4f7c19fd6.jpg 63,91,307,230,1
0a031ea71df307a62212266bd9d6ad47.jpg 55,51,264,174,1
0cbbefc88843b5ff0c6b916188609d13.jpg 95,86,265,180,1
0b0bc07ab68cfc01442b2429ed530a41.jpg 115,70,267,168,1
0cd05bfe411e468f996a40df773c5993.jpg 99,73,280,173,1
0b6247b9784831e90084bff2292a6ab2.jpg 141,93,245,154,1
0a2eeb12ae2e007118f40e046a36c061.jpg 147,96,260,160,1
0db6227bf574970ef925a43025c5d1ee.jpg 137,67,304,169,1
0d8ea78e6e5786627ae6ad04177ed533.jpg 104,45,279,144,1
0b2120de909876fd150f765ec6066b41.jpg 149,66,311,166,1
0d8892465e138ad8a985820de0a03faa.jpg 105,90,240,167,1
0e38e70606c153b5c8ab3ace4c8fc420.jpg 97,84,272,181,1
0e376a7a6ea92de86c587869e7306955.jpg 93,46,268,148,1
0bd43b21ec87c4f39283110ff1d52e0b.jpg 143,106,257,171,1
0e8ce67cd9b8282c92601d5e254a4600.jpg 91,49,264,153,1
0eda5eb509531efedb2a00a5fd7b08cb.jpg 91,48,320,177,1
11ac8f4ff24f7b6c5c7b754244ef1032.jpg 158,98,314,197,1
0eb8e6bfd7416fb2713ef35860c7f2b2.jpg 141,100,283,185,1
0fb20264a7ac485832cb6eac70c1bd92.jpg 86,65,266,169,1
14a3089f223554a95d085af3173b7483.jpg 109,60,282,161,1
13e9bfb28f3b2bd8e700df4b3ff2685c.jpg 92,52,317,182,1
122a34d2f25eff8e763b57e4366bb026.jpg 176,103,297,174,1
132d709ba121c1ac911e911a0868da1a.jpg 91,72,267,173,1
127b9618c81bc03665a4511c23702781.jpg 99,87,311,204,1
152c38ea5660ceadb9d2f39f4a5f2475.jpg 137,89,294,187,1
17c8cf62e876ec1b9aa13135399ea5e4.jpg 52,82,347,247,1
10eed6b772513f6176a85e6935ba5136.jpg 125,64,296,165,1
1576022d8af3ae9770fa6458c392eee3.jpg 114,91,250,168,1
175ee7ab6e0c405bc42f1b73e07c6efd.jpg 138,109,273,184,1
1696ceb85fb9d495162506892f57cf0a.jpg 115,94,285,192,1
154f33afef5e20e69b64161026835a7c.jpg 92,89,306,205,1
164abd4661ef76f2d1b6054461a8e3f1.jpg 143,82,247,143,1
192daef3c2920f3bf30600052cb474a0.jpg 128,104,267,187,1
1596cf83d1839aad7c9c0a82bed15c51.jpg 122,101,257,181,1
1b2096b136c11020fc5e09403cb48096.jpg 105,58,278,161,1
1a6dcada5aef051362e0cab18b1c6493.jpg 90,77,292,189,1
1a7d7b89f766e0a018985313eba70799.jpg 99,100,270,198,1
1ab6873b975341e4f0bb48f74c7da55e.jpg 110,48,337,177,1
15011434a2ddb91e6ef7cedd2d2b3bc4.jpg 138,65,311,166,1
1db7da6742455136fdbdd9efeb3eb329.jpg 91,50,319,178,1
19c2bb2344ab4c35943ed42ed16b56bd.jpg 95,84,293,197,1
1b4532f851778c7e25a825a4ab93e28d.jpg 88,65,304,190,1
1acf4cd1dbeef01548321cf3f9c4e4ec.jpg 101,83,310,200,1
1e8245fd539177adb9751f01b6cd6b08.jpg 123,93,299,193,1
1f4ca5e3e05b15da758e4265be9a34a7.jpg 69,88,315,224,1
1ede4d43e5a616e76092e77d93f96da1.jpg 82,74,256,174,1
1e970d19d58936d2d59c9e2802d2c52c.jpg 141,109,256,174,1
20a6dab12100f10a1e455287b39b44d0.jpg 164,103,279,167,1
20ab98828beafd57e2a96890f72cc8e6.jpg 90,44,324,177,1
21a7db748e269b7907c9175045de4029.jpg 98,67,270,167,1
1e25cc32c70ffc53fd047d52d1092245.jpg 96,94,273,195,1
21f911ac2eb8b2aef99bd69805ab3d7c.jpg 92,102,262,197,1
228e12c163092f9b1c608030db0d064f.jpg 98,85,267,180,1
1a60701dad477eae7ed8c902a53868e6.jpg 112,99,260,187,1
236b53cf7448124dc450ebc4284ca1ee.jpg 105,74,315,197,1
245d6f892d35c4c7c788a76da718f451.jpg 71,87,277,203,1
24e047f4b66124dcc4fe856b19674a65.jpg 140,93,280,184,1
24f4292680972ccced4514c7ab6bb661.jpg 75,56,261,161,1
245dcdf4ba6576075d359520e9bf6010.jpg 142,85,301,182,1
257c97eb743ea62580da5ee3e368b870.jpg 93,67,270,171,1
25316cb994a39a98ed3268a6f9e2fbaa.jpg 141,89,245,151,1
24b8fa6601f45d2365051608c8420e85.jpg 141,80,299,175,1
235a6671c12725aa375e4384f9d51cde.jpg 54,82,349,244,1
270d92b91774b3403c3d271a398de95b.jpg 117,92,247,172,1
268f40cbbd39e8cf0d2bc2879fcbd399.jpg 144,104,279,184,1
28d572af82b884d90dee8822a326204e.jpg 126,105,262,180,1
282fe782af8d7ead1f6f94037a450735.jpg 125,94,276,184,1
237badddb25022b95cb39db7e8956c26.jpg 110,101,296,207,1
288115601d11e1bc715ef093f88912d5.jpg 99,84,301,199,1
256db10352dcb597025856972a128cca.jpg 183,95,347,195,1
28ed140bf0b40cc2e3bedaebeb2e3e9b.jpg 101,81,305,198,1
28304982ad4274a8d04929506fd7b594.jpg 98,85,307,200,1
25975f6a1c3dca499479735fb6537652.jpg 96,103,303,217,1
2a9f7b94b8fa1dcf7876f1a2f54a951e.jpg 95,81,266,180,1
28f76e2c460d124ecb16fed27366586d.jpg 101,81,271,179,1
2aef4ee0d2177396cfd42a165b5c9d9d.jpg 93,80,270,179,1
2ab023acad5b81c3a9a56813aeb01ccd.jpg 97,62,270,161,1
2ad5d06e273dbae0052f9280a30ef5d0.jpg 120,107,229,171,1
2b1f0abe15eaf2dd292469721d29608a.jpg 91,88,275,193,1
2cf4c82f6349c4a01269cfc9a9510d16.jpg 127,98,273,182,1
2b18fa3cb4c11e511beffb08b072fbe0.jpg 168,103,312,197,1
2cc04f1430220dc5833e5fc4f6748001.jpg 136,108,272,183,1
2e2f92d815b95ee3a7c9d75b4f7bea3c.jpg 77,72,252,171,1
2d8c93b851a81043081a54f9d168eeec.jpg 98,65,273,167,1
2dcf0df2e2a62c66101faefe383be00f.jpg 99,87,269,183,1
3219a1a3e166c4b5bed99f09074d063f.jpg 147,98,304,196,1
32614d69a3c9a9ef1fca85b4e29c68a8.jpg 84,63,257,165,1
3030fc6a692de3dcf11ed81efdbc7f56.jpg 96,56,270,159,1
32a0e8961c86299fb6b04cf609ddd115.jpg 91,44,320,177,1
34846f1ba921b0c195782bdef2f25a0e.jpg 121,96,243,165,1
333f34fc4b39f14179e5893a57a34add.jpg 141,100,281,191,1
34bda0a39c1f54547007187e4ab59744.jpg 163,105,278,170,1
3423cc7fac3cfab4cd8d718005a74667.jpg 91,67,269,173,1
3302549ee3d3744aca6ad6b67db36539.jpg 94,75,283,182,1
3535a3e0f3ce8afd9b5b82a2447a5301.jpg 145,103,283,193,1
34d755b8bcb7cfc165c5060801f56b2c.jpg 104,46,338,178,1
35520092ffc7456afe66ecdb0e111a93.jpg 154,98,308,191,1
3700b84823d345236c1546eac09b4961.jpg 167,100,282,164,1
37c326272d42289ada9e70c563e16dc7.jpg 138,109,253,174,1
380f4854a2309325c0d626ce2e4df73d.jpg 85,57,262,159,1
354ef7afa10193636c4b6293405c340a.jpg 109,72,277,170,1
36d87ff83324aeeef2a3402f225dc250.jpg 144,110,256,174,1
37744fb042ce6ff5fd9c1c4104929ee3.jpg 102,84,310,201,1
3801e8fe4ab1ec858126d51b8008f0ca.jpg 93,84,265,180,1
38329d4a4c879edb0cda52c5b68eae64.jpg 142,85,282,166,1
37091861cb15fabeca89a639ad3aa75b.jpg 97,80,280,189,1
3a331648c2cafe0766248c44a6c7fd0f.jpg 90,86,275,191,1
396589a5e0f80ebec8c44095536cf115.jpg 89,79,270,186,1
38b78f25a064f3ce407733d7f5d32830.jpg 112,59,282,161,1
387df18bfc63e62aac06b831db8d5b49.jpg 154,107,289,195,1
3a505957603182006098acf407bc652b.jpg 156,85,307,178,1
3cdcd689502bb30a83c725b60e2a704c.jpg 59,78,232,177,1
3d7bc5a020deeeb17d2177fe64c654be.jpg 99,80,277,180,1
3cd124c5e433bc97e48325eb9c50921c.jpg 101,72,309,191,1
3dc93b6a6b60390383b731fde1d2d60e.jpg 103,66,315,189,1
3f02a7dcabc698783d1afb4d389e398c.jpg 120,99,258,179,1
35d53c93d5113415516f278970f4ecc6.jpg 145,94,299,188,1
40b1702968ee29716dd2ed70b77f66cd.jpg 84,60,261,162,1
41a2fa0ed70cb293a1297ecf38c708c4.jpg 88,102,306,222,1
417d89958a2e990f9ac374720a509ee0.jpg 146,108,261,172,1
3f52d6d58f9398ceeadbbd10f58c17d6.jpg 105,89,273,183,1
4247fd1fa1aa903cb6ea9314bf9fa7c4.jpg 76,96,311,229,1
426312cd3987c39b76329b159b54b5c4.jpg 139,107,273,182,1
40b435ade62bdfe3f8906db94f6ef30b.jpg 133,99,265,174,1
3fd17c7811bddf59bd1121acc707f7a1.jpg 94,53,318,182,1
443460ca8338e0b4a156c1b86cf71e65.jpg 101,61,272,161,1
43081feaad4e79c8f7e4d230e9c24723.jpg 134,109,270,190,1
43b3af7c84c8a72b60edf405cc7aff35.jpg 110,84,279,182,1
445ec4151b3b346490aeaf6d445deb0e.jpg 60,43,276,167,1
451beb6734a95156239172fa2c75033f.jpg 98,88,268,184,1
4495c135bfacfd96e18fdfb1f71232b2.jpg 139,95,279,188,1
45398abfe5e48e6e6e9e8dbfdf6361e1.jpg 179,97,332,192,1
42b34dfa4eede64e83ec6053736b36fe.jpg 100,48,328,177,1
45788ac6d08b44e9a7661bd9331857a7.jpg 44,80,342,243,1
452dbc4b3f2e3352eb3f5f1dd6baf704.jpg 55,91,323,239,1
47687dfb398030c2e14c7e6cb1db67fd.jpg 104,105,296,212,1
477ced4d0437e43c7c865db2e2c1a7c5.jpg 156,108,293,198,1
45861a6ac64697f756ee1ec111f5c604.jpg 107,83,296,191,1
48793acc7467e92203390429d75f0d7c.jpg 173,90,349,192,1
48be0252b9465e75cb2f8750e420577b.jpg 134,112,248,176,1
4814c145cbd9a404e3b25b8c6d76f831.jpg 119,97,231,164,1
49563fa77493bce24e14ec6e21542dd9.jpg 114,103,278,195,1
4b68551a0b837d2c74ae1be4bcbef3b0.jpg 112,82,314,197,1
4cd542b5932d6d4a0ce89bdc8364c784.jpg 106,75,312,193,1
48cc196b36944d1a7e06ee33ea6dd3f9.jpg 111,48,339,177,1
4ba69e0bdff0553e888c3b40cf7155ac.jpg 144,104,289,187,1
49cfe2295438f6450049e179d4a9e9b7.jpg 99,57,270,159,1
4acd9ebcc7429b2ae276793a22f10b37.jpg 97,93,274,194,1
4e57f58e82717d14d2dd595e0053ca8f.jpg 110,49,283,149,1
4d77b6321c9c7c607c05a45c01f13b5c.jpg 155,113,273,177,1
51744e9f4482ae5b5b233cf73ff69f46.jpg 62,78,341,231,1
521c74be275990572cee86805f719443.jpg 69,99,242,198,1
4d271e469f118617ea1c3f51d791e6f8.jpg 129,97,263,170,1
522b81ee0cacba63323e6cfd2d791b3a.jpg 106,88,283,190,1
52269125b435d5b4642cbd96ec8bc970.jpg 141,94,301,197,1
4e0fb2a394ef0e6d51b90c9b21961d7b.jpg 110,97,278,193,1
523ce89178d73806a84a7758d8ef240e.jpg 81,84,256,186,1
52bfd98fba9abcb024260d91428342c9.jpg 188,89,354,185,1
4f4636c059235cdb048fe460d5e88c0f.jpg 164,109,322,198,1
533b3068f5001c6a32a1268a4086b84a.jpg 107,90,285,189,1
5334d7c36026c5cb7afafdadd3ba28de.jpg 141,102,275,184,1
532ee227ec3863d45e47a494cec831e3.jpg 101,84,272,183,1
53fe1a9f55c6504b2922cc181cd0515d.jpg 143,89,280,183,1
544961192b07b2323273c09d9d1d5168.jpg 94,78,295,192,1
5415db917fc92d4ce4bc5fc9ff0eb9c2.jpg 144,84,291,177,1
54abcd858c39416705224d1acbb7f57c.jpg 126,107,259,186,1
532093203d75f872c6201b793aa1c64b.jpg 91,89,272,194,1
53403148e278b260ca9bbcdec9cec51c.jpg 146,116,282,194,1
4e8fbd68943c7a627a0f003ad1fb4aa3.jpg 64,46,278,170,1
55193f8b761fb840da291aecdc29cb76.jpg 97,89,266,186,1
5598b7712f2d0927e691e478ce2ba13e.jpg 71,89,248,191,1
56a4e1869dbf78afae160a9aec88698e.jpg 93,104,260,198,1
57e150fec542f7075e8b528455ff34c1.jpg 52,82,236,191,1
5610b283622a69d89dc7464cfcd90e43.jpg 98,56,273,157,1
5958cd6cd110f1cda18a5cf7cc2d624a.jpg 51,55,255,177,1
5990c9b849abb35c6bec7c2e9aa5260b.jpg 64,81,317,226,1
592f2ec94f6aee8b4d0ff632b1789503.jpg 95,80,268,178,1
59c3d086c442f85a76a256709846b2a0.jpg 111,78,311,197,1
5a1ca308b4bc3a6bf253111a25c381d0.jpg 101,84,270,183,1
5a4d3e5ee3c89452b6236c4f2e6d3e35.jpg 69,97,248,196,1
5b1382b4317aea2448e67b9ac65fb047.jpg 115,82,310,198,1
5a2590b5dadf774c649ef36a126da80b.jpg 62,87,245,195,1
5b0b066491f4213c7956c8de842f7b85.jpg 98,86,269,182,1
5d04df42077752ca91d0a184d573dbea.jpg 169,106,309,197,1
5e5f2eeb9a6644541ef431b025519b9a.jpg 120,111,234,175,1
5c0536176cab4db4e22037a61af3f2f4.jpg 138,54,242,115,1
5b1d22b22a5841f96dd63c02876a9adc.jpg 111,64,280,165,1
5b908dea22edf07d4f98ec81b7f63d12.jpg 101,70,316,191,1
5eddc37b3a4418d62a35a84ebb07a351.jpg 68,83,229,179,1
5cfe433f1766d68adabb9341d4f9aab7.jpg 101,91,281,195,1
5f6212b944791e26aea85deaefce4dc4.jpg 52,81,346,247,1
5f6abad799ceafaf2f807243b724dbe0.jpg 109,70,290,180,1
5f9bd613c5b7e9bef524eab44df15945.jpg 95,93,266,191,1
60acdf8fd7abc812223957587a3bf427.jpg 53,82,262,199,1
609f2667c6cd9bce18db7036e76b6c7c.jpg 20,79,221,195,1
607679255e27a25a500e3bdd58fe41fc.jpg 102,83,308,200,1
6165353a24d659efc5d3df7d98d83b29.jpg 124,100,278,186,1
61f3d11ae7466b25ab9b4230ebcd7787.jpg 139,90,278,181,1
60e3a717559b887cf70fa06dc7731b32.jpg 103,78,269,173,1
62020b4f39671bbde83469f6a4422282.jpg 127,106,262,184,1
61688eef311fddfbf7da55f8768068a9.jpg 127,99,277,185,1
624764a2df5f58f2715521235726a954.jpg 143,98,260,165,1
6276047e25b142c9008f910089e3a1cb.jpg 171,88,298,158,1
6392dab872a87359b24e014894a94966.jpg 138,104,270,177,1
5efc9054f8a43a36bba4e6bf272e4f15.jpg 77,54,262,160,1
6414b8eaa6fb17fb22be3d49e09a376e.jpg 140,89,277,184,1
6442eec18e06853a0e5436dfdc494837.jpg 173,98,340,192,1
655645a2e64125e087b11ec89ac5e5ed.jpg 143,118,291,201,1
655e22ca518a48a6da409ab35cbef7c8.jpg 109,58,280,158,1
65b2e2966c8fd5c9c69e0fc79e3b0d2e.jpg 144,103,293,189,1
68227d2870bc63cc35f91a5f1a5cddaa.jpg 118,65,289,165,1
6984756044fdee8135e1ecbfc8ee93d5.jpg 144,112,281,189,1
65353ccc59ec01df467a9285fe65e6ed.jpg 130,107,265,187,1
68850f812cb326baac19eb3000b72f6d.jpg 75,87,284,203,1
65314b39429d41be588ba22f970d66e4.jpg 72,47,295,177,1
643f13bdfdaaf24716a25bc533153f37.jpg 67,47,282,172,1
69db9c62d1e86d3ee285598d4c3ca9c8.jpg 144,102,284,185,1
6ab03d29fcd4a27061f8f1d84705e529.jpg 137,80,291,174,1
6b0fbae791833b08b38b8345a3fe5b53.jpg 103,43,279,147,1
6d37987c7d00a05270dcfbcfda0cf982.jpg 47,101,220,198,1
6bcb44ed792174ce4b52f6700d153cef.jpg 119,98,244,171,1
6af8809542092615a545fe0683c63f08.jpg 139,91,279,183,1
6e570da966a4afad7cc2cf47d8facc90.jpg 120,105,256,182,1
69ea3d460c905615bfe1759580737b03.jpg 94,74,307,193,1
6c782d921dce011d0943881d15ecbed3.jpg 145,106,260,171,1
6e583289ed878b61753eced3067cefe9.jpg 106,86,251,169,1
69f1258db1987cd56fd400e5ff715b17.jpg 69,84,277,202,1
6f9abbc1af377814c2a94bf50a0d5393.jpg 127,103,262,183,1
6dfe6adcebf73c37095fe0a3fca6d645.jpg 91,43,302,165,1
6e9eff40729b532d74c6201b9b0fdc9e.jpg 136,74,241,135,1
6edb2bd534c18d1d6534848a8af94a0c.jpg 103,85,312,202,1
6e4c921db0c51bd8d70359d67e40a4ea.jpg 94,83,244,171,1
6fcd24fc830376b4d264acbfcc724bf1.jpg 138,99,302,198,1
720beb1d1ae0ff90fedef3a9800be778.jpg 84,84,266,187,1
720c66b434f2f2fc183ea50daddc84e3.jpg 146,97,300,191,1
7361012951729c3dc1f4538c3ec602e9.jpg 188,90,355,186,1
718e40602b2742f47dff3507f5cd7009.jpg 121,100,268,184,1
73c5a9746a5c24db9d6bd0a0b2a6c561.jpg 92,64,312,188,1
71eadc62e411962f2ad0355cba52872a.jpg 132,84,255,156,1
7507e1cb17a5230c79acdee141efa3f8.jpg 95,100,264,198,1
731c27cdf8335415a81c820439efe115.jpg 181,80,350,177,1
73e29358da4f60b5db527f09b35915c4.jpg 117,106,230,170,1
75a36c74ea9cca4ee0b39dedcc0a534e.jpg 100,83,312,200,1
7523ac0705a6a4b58a5c7c20fc6f7d0f.jpg 84,49,305,176,1
75d02ac84e076fdb7e29dfa57b114491.jpg 94,51,269,155,1
6f887539af8cf668c567f9d455308d0f.jpg 98,84,311,202,1
7743eb1ce4d368daedf2637bb0aec30f.jpg 113,105,280,200,1
777b1b1627f489ada33af3713e6029a9.jpg 112,50,285,152,1
77fb7bc5ea29521937963d8a72cad7c8.jpg 99,84,315,203,1
789cf18780020d36cc55efd7b230b893.jpg 99,89,275,191,1
77cf71ba64872ee6eb6a3632866e0dac.jpg 42,75,230,186,1
77754605e7f68e9097679712d78cb30b.jpg 66,47,284,172,1
78c324e53d1a962301ba65767a47207d.jpg 130,108,267,186,1
7a5f650c107c3cbc767eef10641653f1.jpg 26,82,232,197,1
780b3ad30445bc5c0efb16eda5243862.jpg 131,102,276,185,1
7c6c988627d5736a0ca8b32d94681b60.jpg 95,53,270,155,1
7d97f989b50df9e1b9499f16f04d9964.jpg 153,98,310,195,1
7e8a4a4138ff5058b60c6678bcf7620e.jpg 143,88,281,183,1
7e01e19262b1aa34cf988d84413c2116.jpg 116,98,297,201,1
7b27c30bb493ee8b6dbca0e3f57c7c3a.jpg 102,86,271,181,1
7ff4f0082b36e8e759dcb697c16de8ec.jpg 104,99,274,195,1
808077b55d63b23335da0c7e3154b7d7.jpg 102,47,329,177,1
7cbcc0b38f50354bc3a2e399b83f4a2b.jpg 97,81,277,180,1
7d7c9327c0c2aa7b8cade92f1637b219.jpg 49,59,250,177,1
80ccf5d8b3cff172c9f04797ad6f65b4.jpg 68,81,245,184,1
81215969d7d73b90984dff30559d9ba8.jpg 134,75,238,136,1
816600655c1c0e26e2253ce291b54edc.jpg 55,76,220,172,1
7eab5aba6b78ad9d77264ce75d552939.jpg 112,88,287,184,1
811e7803c84b0d11b8ccf1c5d409f187.jpg 137,95,242,156,1
814708ae7ad6d925fba2c8ae02e0ae29.jpg 97,84,298,199,1
80cde3c771b6c031ad7f8f191dfd66c6.jpg 144,113,258,177,1
8336660004749cde35b561c094ab3821.jpg 97,89,305,206,1
808f96d82bb3387627b3703859056395.jpg 152,109,285,196,1
836a08ca565da89fdd75db709aa49e58.jpg 106,88,282,189,1
83fd8091e6a8c11894834207c8da8131.jpg 102,94,277,192,1
83a5b06d4a6c35a31662cfb0691d939d.jpg 121,94,291,193,1
84c069f179cf0675b663b06a36c29ede.jpg 108,77,315,195,1
84c033dcbbc9785e50b590a2e50630e6.jpg 134,89,276,184,1
8579952602f411c21a463711bf5e777d.jpg 95,49,315,177,1
842c89e0d76e754654d900de33bd69ac.jpg 134,107,267,182,1
861a94f04655eeebfe9bf3f330f36775.jpg 126,86,283,177,1
87bc3c573a93c26b9eaf91723c21ac1f.jpg 131,77,235,138,1
846b2944fee6973f6e3a5452afa3edfc.jpg 44,77,231,186,1
878172b53f7e01a938dfd13e0ad72264.jpg 98,75,294,189,1
89ba6b3d8c766c85ea21b8acd4e18281.jpg 127,105,266,185,1
8947adcbb56ed9b0136d3b6499da2d39.jpg 102,64,273,165,1
887ab2c4ba200a54f1a9decc7cb4defd.jpg 137,94,302,186,1
86a234cfacf87afac6411a55f9947c4d.jpg 82,83,276,191,1
8aaa5f5439576a458a2e9e8cf10f3637.jpg 86,62,301,187,1
8ac40541d845302389ea57605e15934d.jpg 113,90,233,159,1
8805c403d260f906374a5c02c120e387.jpg 50,82,334,242,1
8b751927c7687976fa628a0039a1c6bc.jpg 117,101,255,179,1
8c5ded053a2ac5b9e00b33db7bf549d4.jpg 99,86,269,184,1
8d595f874e1690f5d4ca6ec43e678100.jpg 97,90,276,187,1
8cafcb16d5500986e69a55fddd660b93.jpg 169,102,283,166,1
8e6264cbe83dc8400a1547585387b3da.jpg 101,86,269,182,1
8d541c954495c87b98b2739d5eb700ee.jpg 150,84,287,164,1
8cfef57c5760314bf0958dbf936549c1.jpg 101,65,275,164,1
8c8a32ee805334c0c40d9f17d7cc68f8.jpg 63,90,299,225,1
8f3ae974b2336a3412b07488adc4abb5.jpg 117,92,292,192,1
8f620b59a982c4fc07b1314bd76e3c0c.jpg 98,66,317,187,1
932f7e85053dccd10c4b26a40fd2ebea.jpg 113,99,260,179,1
92c737cb8bb7e38c9b2ccda5c46ac4e6.jpg 138,105,280,187,1
937a139a95a8cebf98ab47b1e5c59cfa.jpg 126,76,230,137,1
940fef099e9e69d0bbf77401fc7542b2.jpg 143,84,291,171,1
925b3258ba5dd2695c2c84e72c13f00e.jpg 129,108,265,185,1
919ec86f9f6c619c4c0cffd0548f2682.jpg 145,100,281,189,1
93cf9d5d0ff2a6c2bc9e762fd6d98dc3.jpg 33,97,218,198,1
92f8f816a0e773043e1f9652a78c9717.jpg 102,57,275,157,1
970e3086c9bc57ad8bbcf9e0cb8ed288.jpg 99,86,270,182,1
9695201013c0c85ac069c0bfee14fe48.jpg 102,85,312,202,1
968fe5ddc3598f3ada998b55607479a2.jpg 114,50,289,153,1
95d7e6abc5407b7264a9e3aeb87f77f4.jpg 173,98,322,194,1
91f3a3c002d70a3e1b2067fae4027493.jpg 96,45,325,177,1
9789ca5289b00438eb513b67570c59f8.jpg 119,87,275,179,1
97fa53fcfd2a4ef6339f5421609a8629.jpg 47,81,232,189,1
9659694c5646cb7f1f91e9329dd265fd.jpg 124,100,258,177,1
991b5bc0fb6e5b58d464e9efffc474f2.jpg 104,82,306,197,1
97f317681c33d4f1dbf6a05f16708534.jpg 118,104,278,192,1
9ba743f2687365ff8fdddb6197ccfa94.jpg 95,60,272,160,1
9e4909ba36c76152a5c9ab2b325da0d6.jpg 134,106,267,179,1
9b3326fe3032603843967be9244948c8.jpg 107,96,278,192,1
9a1ad72acdaac17957a232720ad855a5.jpg 97,51,315,178,1
9b1d8368d9c464482d21b7c6a170910b.jpg 126,81,295,182,1
9b782140c06b4a579fa3078c69fefee2.jpg 148,94,302,188,1
9e7f00fa0833b8a62c107191303ae90d.jpg 59,45,272,171,1
9edd1c5ef9e06656400c500eaebd1891.jpg 98,63,270,161,1
9f0e3717b7cf2ba70ee663d85cf6bd66.jpg 113,93,230,160,1
a1aecd85d9a90d667f622a4f8ade84b7.jpg 47,83,334,241,1
9bb83df2dced5d4776cf2c99f7aa0b35.jpg 116,99,255,177,1
a1e7f010fc001de402845dfca4befbc1.jpg 97,87,268,184,1
9f87cc667023e1f21d180b5165ccd4cd.jpg 145,108,273,182,1
a22b8d1a72fc84533fe45ac6fe2951ae.jpg 59,84,346,239,1
a56d8734cce2c19c22b34c7dfb2aba13.jpg 69,48,285,173,1
a3a35ac15b1a483f705d357f996a784b.jpg 148,88,288,179,1
a473023c66bf6b414d02833ec9ab0bcc.jpg 133,101,264,176,1
a355bed08c9b43e24f5888b7b7bf084e.jpg 91,74,285,185,1
a479820ab030737541e44655deb13418.jpg 111,97,276,189,1
a4cffc8bdef169c8b1a515a55a1a2803.jpg 143,97,297,191,1
9f4f2b11f51f898d586f7509a18c671a.jpg 99,82,275,180,1
a51d9856fcd02c77a15ec122afa74d5a.jpg 136,93,241,154,1
a5846f629cc3f4d3ed5b543d358e38ac.jpg 76,96,258,200,1
a241da0eaba1051e2681a0f4df81622a.jpg 104,88,281,190,1
a9beeb5827ebc9b60e82da5d4080aa20.jpg 175,107,295,176,1
a936c9fd8fab1cff36892db48510f80d.jpg 22,73,218,186,1
a7b52f96e6d2f19216859e8a2b5c27e0.jpg 147,114,304,203,1
a86edb689ac21b1367268cb01214cab8.jpg 134,65,305,163,1
a9cdee64e8ecace9f80ffb0471cd38f8.jpg 110,99,267,187,1
a92eb291ebde64b212af6c61b573ecc0.jpg 80,59,264,164,1
a6f319e28bcf7df12de613826134e370.jpg 79,84,258,192,1
a894f40c2eb9e3181c4c954b570c4278.jpg 98,85,273,183,1
aa2f4fb82f6ddf2458f9c1fc0a48b02b.jpg 119,67,272,163,1
a74f9362726d50c7f287ef3b5ec80e79.jpg 141,84,308,183,1
ab3f97a4b53daaf89c34017f409d1afd.jpg 97,86,269,182,1
aac6f0998e6a9ae34aa2c7c6101c41ad.jpg 107,50,334,177,1
aa61d048a295e33e4ff6545630403deb.jpg 153,95,307,189,1
ab7f4a177f271ad3396a22675633e16d.jpg 39,80,247,198,1
ac20b62580e9901c2fe6db7a593a3932.jpg 101,85,270,183,1
acdf06bca692e998752e30184e30c420.jpg 119,95,238,165,1
aca31fc9e376f23599fd2ef06f626eaa.jpg 65,75,234,170,1
ad3f97aaf62759b477be2f05c29ed4e2.jpg 50,53,248,175,1
ad98364bf15a114c53400aaf1c363c76.jpg 96,66,288,176,1
ae34111ed711715e74ce886f357c8db0.jpg 95,89,306,206,1
abfa49be1923a0898167dbbb19dc3491.jpg 144,92,257,155,1
aed9ff9b4e0657ffc78e54384bbe0118.jpg 71,92,260,203,1
aeabb63bb0dde56d3ad393042b3d386e.jpg 142,92,296,185,1
af292e35468d2e5d3adbf9cdc0c51bac.jpg 105,81,274,179,1
b0c698f3c35cc5cfdf02c36e37f5151a.jpg 161,87,338,188,1
b0883b78ad75a0c5c2ff3fa448fb65cc.jpg 98,85,269,182,1
b0e4e37ee97c7098ab3fe8895dd172c9.jpg 97,87,270,184,1
b13380deaa4dd0ab69c61d5243c26321.jpg 104,53,278,152,1
ae8c139765f67d81ec04437562374e97.jpg 95,53,291,172,1
b2cdabd7075f9e86c2b511971ddc5dd4.jpg 47,53,248,176,1
b1946fb6302958682917bccc8f4b0186.jpg 99,98,269,197,1
b2f5a19fca751d02d1d39f47d4f1c68d.jpg 123,101,260,181,1
b1812562eab28e2074fc040e9e9b4844.jpg 107,94,280,192,1
b3e220ab0eb088131693033dd251a0d9.jpg 95,88,309,205,1
b52ca18b25b736fa707d02ea87ad8bdb.jpg 86,88,230,170,1
b14a5cc80f783747e6fa4c429b965030.jpg 145,86,294,174,1
b5e7a5bf4f0e7feffd6a49167c956137.jpg 141,110,272,184,1
b327430940a63a05045b068ba8fbfba4.jpg 130,77,260,156,1
b736e30fc09c6d86af14470b07d1eb9a.jpg 60,81,333,231,1
b83d25e016024211e6f904fbb28e0dec.jpg 71,98,248,199,1
b7d3ec34acac93bc0147d9d5bcf1302d.jpg 94,70,308,191,1
b55d40f0c69b1dc31cccc5b2906096d5.jpg 97,86,312,203,1
b7883ff3ae214692b6b1c5d71a569c5b.jpg 70,95,247,197,1
b91aa642e5650a6e06cfb86108150ab6.jpg 117,92,245,165,1
b937909747503166fcb4a0a026cb63dc.jpg 104,85,274,183,1
b9fad01b096f82147336f36d3cd6da58.jpg 104,73,312,193,1
ba299125604648fb7926c9674a0f1393.jpg 139,93,243,154,1
b98f74d65a1781b1f14a962ac663d057.jpg 89,88,308,205,1
bb24689144df8c33c310885406eba3ad.jpg 143,64,308,167,1
bc8951bd527bbb083706c6a911468655.jpg 80,60,304,187,1
bc40434101106af3f764883827d4d2bd.jpg 98,53,276,159,1
bb81e4e465b3cb1ac80ccfccc9e3bb0c.jpg 124,110,231,171,1
bbbcdcc48f7070d11651f5a2bc97344e.jpg 115,79,285,177,1
bbddbaaa58f2cda7e1261af0c04fd611.jpg 129,107,263,183,1
bda87bc99c687fa1982da9b3bae47b5a.jpg 182,94,342,192,1
ba8a46929357d3311449db650b2a6255.jpg 99,90,273,186,1
beca96d303c04e5117d6e3e874cf9b79.jpg 116,77,278,174,1
beac40b3c75107af0aac1c981f82597d.jpg 110,73,279,172,1
bdbf095a096b64291dd1538853e71906.jpg 97,92,274,193,1
bfa9a2003e1ab63297a70c42de711b23.jpg 164,109,280,176,1
bf88e9303765f71a6a3af1513508ea77.jpg 170,91,292,163,1
be7ed14d5750090f2404de596c9249f4.jpg 67,87,248,195,1
bf8efbaf8c4ae27ddfb44968299a532d.jpg 94,45,311,175,1
bf74ccd1ba93efde29d25e1518cd1a13.jpg 110,89,248,170,1
c03567d6fce98b6b52039512b2e1c16e.jpg 90,53,318,181,1
c07d6218224885b63bf72f9e500bedb4.jpg 145,110,258,175,1
c1287c0a2d80091973ccdfe4ecd5a059.jpg 144,96,298,190,1
c1bd730db4979933f289da1ce7c9a867.jpg 124,112,231,174,1
c2b5e2542bf85c2765122de89c55c0ed.jpg 128,100,261,174,1
c21c1002a615b9c3373ea978b259b673.jpg 80,85,277,192,1
c396a6e8ada13c2354b925bf9cae150f.jpg 121,111,233,175,1
c1971a8ac97ae678d9964b765e98420c.jpg 69,82,286,204,1
c26afdf9d7b42b52d48b1a5bf49137f6.jpg 39,104,215,200,1
c3cb8e42946bbcdfe0e6c4a82b1a8c18.jpg 96,88,265,182,1
c49522bd86d4c69682e88bcf2f62c481.jpg 131,98,265,172,1
c1a52e482d212ee4cf754a9885640901.jpg 85,102,310,227,1
c47cba4a0179fd92d9e98216993d6146.jpg 140,112,255,177,1
c58665989fd0c4e8f8bd66695c1cbb66.jpg 129,108,265,187,1
c6c8e43e5d71583cb32f3bdd48072fed.jpg 165,93,286,163,1
c5a271492bf81c5cb8690a911bc5a47c.jpg 98,86,268,182,1
c6aca978bc06762f2f0885e8593654c8.jpg 94,96,255,191,1
c700141eb69c95ee383589a467abc46d.jpg 119,107,233,174,1
c65472c8e23299a871f0ac1f5d37d8d7.jpg 105,100,257,189,1
c6cf668a9481ffedde0587eaf10284df.jpg 53,66,234,177,1
c72a10d062f6c80a7dba7747bb081641.jpg 97,96,267,194,1
b3b66775a1253b9c468a2d2228ef7e5d.jpg 111,77,281,175,1
c74bbda1ee8524e77f75a181a3f788e7.jpg 46,54,246,171,1
c8f0e8ce7bee68c2db757201fca29fa9.jpg 98,86,271,184,1
c9219ec26d3203dc4a2b2cba4875f6b1.jpg 112,99,260,183,1
c761d35fc573e5a17012c9a05008268e.jpg 96,88,312,204,1
c661f52de36cd7a41d94bf1771d2a851.jpg 60,91,316,235,1
c7d61badacfa6dc92d7c4194301e348b.jpg 146,115,281,194,1
c92ca79ddcc3b8eb41e782246a43cb38.jpg 153,109,268,174,1
c93c400a14643b92cc15806a8aab05e0.jpg 115,98,257,179,1
c99c4c3c99d4b18dbaee62bf0f7fc29f.jpg 102,67,317,187,1
c5fe944cf0a17b278dddea1f0e8b9705.jpg 59,96,235,198,1
cc4a34bb4879b615a0d9bb0b2ba3dd8d.jpg 126,102,270,184,1
cb8694145468332e7d0f3524ce0091ad.jpg 94,57,272,159,1
cb51c4f3a295c0510f88973ac66690fb.jpg 147,109,262,173,1
cc0b6b5bcdae86a894f77fd614d47f4c.jpg 54,59,247,172,1
ce0c06385df2447e57e045a93c0082ed.jpg 57,86,351,244,1
cb54b9d6d30e11ba3bc864326df3f2b7.jpg 160,99,314,192,1
cbb9210743126d0c1f2e5b49890bf1a0.jpg 85,94,263,196,1
caf58e97fb88553d88d46ce3a4074e38.jpg 98,88,267,184,1
cead40d99f742f81740763cc3259b399.jpg 54,84,345,246,1
d16cffde0a68633c4254bdf3f5c437a3.jpg 105,84,307,199,1
cf5cc6f51a70eef8a824ed771b605d64.jpg 112,96,277,191,1
d09dfd94fecc31ae170437d0345d6506.jpg 112,86,299,195,1
d1493dc2292e5f8d460c246870929d52.jpg 130,105,270,186,1
cf3079b66885237601bd3ce8c0980a0a.jpg 148,104,286,195,1
d16d833c2ca684af8bf34a6bc37668f7.jpg 101,73,305,187,1
d0bd2379ea953b85f280b6d4c4f920a7.jpg 75,57,262,163,1
ceeb8ee4c291cc764d81ce0b3ac1ec2f.jpg 106,84,272,179,1
d17168679ffa600a6888ff4cdc774d28.jpg 92,80,280,191,1
d20aa63027302ed526c4e54f7c1102ee.jpg 122,102,258,179,1
d203cba9040bcf729f741e7a2141b407.jpg 171,100,319,194,1
cf4a962b9701f79aea61e2dada548fac.jpg 88,87,279,193,1
d32781fac79167965eb599ff33eb6c56.jpg 98,85,271,182,1
d20cac0d95dd64ce025a916a941cf963.jpg 103,82,314,202,1
d46b729e2f33f27b63f40b403b745a69.jpg 126,72,280,170,1
d489a3ae920452ed7314582bffbfaac8.jpg 100,83,309,200,1
d5dafe7118c3f427ae1a9356d927f9a3.jpg 88,70,267,168,1
d68866d6dfde81926a41c203c2dab8dd.jpg 84,88,294,205,1
d2ed51b78ebd2624bcb0e1f9eb1e9cb8.jpg 138,90,278,184,1
d6e754146773f88def7f1d0a58aaaebe.jpg 102,89,277,187,1
d240199791dd3787a0b22d3183f6da91.jpg 106,88,282,189,1
d5c7a04b9dff59bb2c418d651d5bfc0d.jpg 99,87,270,182,1
d7c76c15c5e8d1ae94e89eb0d0234f8f.jpg 131,69,235,130,1
d86d839b9e48ee4117488a66f0d4a068.jpg 99,82,280,192,1
d7a743a04cccf331686ba6f013c9a824.jpg 144,107,259,171,1
dabea4de5f792fb57429f6bbabd1134c.jpg 130,100,273,184,1
d9aaa01f1ede06d33859045b8d5b12b9.jpg 79,89,232,177,1
da33b389a099d2262fb6f056bce759db.jpg 119,106,258,186,1
d6f856a2b2eacb6f273a4ed570666360.jpg 122,105,257,182,1
d8d971810e051d3ec15a6faa5597c2e7.jpg 128,103,264,182,1
dc087c4f8a47fe2be1fe4b8a525ad724.jpg 173,109,291,177,1
dbb4f7090fa7495e3956efc743196f6a.jpg 171,102,296,176,1
dbf8194801c1e5f3acfe7c6f4079bf28.jpg 86,62,265,169,1
d9ad10951fb89600903e0409456a0853.jpg 102,68,272,168,1
dcf9e3ebdee8f8f03f0718b6d18a2108.jpg 158,84,293,162,1
dc8e55311bc463bdc192676927aee1df.jpg 84,84,279,193,1
dda598a20499969e0af14294b143d8ac.jpg 117,76,292,177,1
dd502604d2cead58de4ee5d82f207dac.jpg 95,99,266,196,1
dd8a27203734a3a8ec472be2be9a734a.jpg 81,85,257,186,1
def19f544230a1546e0a8edaee325444.jpg 113,81,273,179,1
dfaa9e0c63d84e4f04576c163af98a19.jpg 137,77,273,158,1
e01a632b3b4d4b7b7d57afafde62c03c.jpg 99,94,271,191,1
e0bb782123a900ed0e29040f62500eac.jpg 99,88,267,184,1
e12ae33dafb417c74fd830fc2ab7bcdc.jpg 97,83,268,183,1
e1288a45050d8a08d6fed8a151fb1dec.jpg 111,84,308,196,1
d9696dce4ac32c101a7297d4d88681f2.jpg 120,90,299,193,1
ddaf2926280f5aa3c5d881df4f9ab3e4.jpg 62,83,291,215,1
e0268722a9f96b736cccad2c32bca0bd.jpg 45,87,230,189,1
df584db72f6ddd70bfafe8996f8afe00.jpg 98,84,272,181,1
e362aaf93e08679b31855cdd74041f49.jpg 132,109,280,192,1
e300faea4232f351c968af40152e517b.jpg 27,75,218,185,1
e2e9270cd0680bc782c33b1b71cd52a6.jpg 138,96,243,157,1
e1e9cd2602e0da2758f99c30d80433d9.jpg 58,82,237,185,1
e1b62bf2d57434f53a729bcbb60ead95.jpg 117,85,298,195,1
e2ff35276ba85adc348f49ceacfd1b92.jpg 126,92,275,179,1
e26168a42f71351e90ee3e674bd8f61c.jpg 165,86,294,161,1
e4906f8e02737d1905b6abcbaeb63536.jpg 88,74,285,188,1
e44e4ea9b918b5ff84f11998eee6899b.jpg 94,74,262,172,1
e43b3fb67aa9894ede4cb95a106c24f9.jpg 98,84,268,181,1
e54779c1c65709713f8b0a387c362b36.jpg 91,94,266,196,1
e5aaa78070b4b355246873a7760ba219.jpg 144,85,285,167,1
e5dcc12f0ae23688b5e4247b79ab265c.jpg 141,78,287,173,1
e8265d0653b3d987609e74b47b718cb8.jpg 70,90,267,203,1
e8b5bcc9565a47d4f9780541d52041bc.jpg 101,81,272,179,1
e699071dcfefdc25b5c2e9b94f9d7b85.jpg 107,97,279,194,1
e93ccc577851b1cb0a11fc1c6fa5e7a2.jpg 98,85,269,182,1
e9798ec616e2ab84f007277b9e232394.jpg 118,85,299,196,1
e89c18aa0da42e5138639181fb04434b.jpg 148,107,262,171,1
e9a8223afa14fad164adca31757ac28d.jpg 93,45,304,173,1
e8c02b26cb84fd4ba8219be7b4e24488.jpg 127,102,262,181,1
eb6b4e2caa7a76f74573a41732b19037.jpg 138,88,295,185,1
eba59b93a576a24df208930e3392c535.jpg 131,100,297,198,1
ebfc80e625d04ae04305aa32af0b8186.jpg 114,84,289,184,1
e9eb5386c651d26d448f169791b0b2f7.jpg 146,84,300,173,1
ed23ee5d77650d85c91682be700464bf.jpg 138,93,253,161,1
e740dcbba97bc32803e5e13afff83d8c.jpg 121,65,278,165,1
ed904ac7382f35f606d6ab3b32a002d3.jpg 145,111,260,176,1
ecdd9619954a4c7a321bd3ecb5fb5f00.jpg 123,79,228,140,1
ec8c0badf8a8a2e9d9c5e4b3583522d4.jpg 116,92,288,189,1
edc71b486b3bda6742faf7f474682ad9.jpg 119,106,231,170,1
ed4c9ceff2ca1be2ed7898820997ec2b.jpg 93,88,304,204,1
eeafaddb79e20fb8409ca996808c616a.jpg 140,102,302,202,1
ef36e2b9222c14e7855aa298e0843f09.jpg 89,52,318,180,1
edf619a61af6dde84a4a9e851a5c21c7.jpg 112,100,269,189,1
efc1b55137b2162210412833d45838ef.jpg 83,77,263,186,1
f163ee75a1b622965543a0a92f549312.jpg 121,100,257,179,1
efdf9d9f8aa2b736dfbb08551b159240.jpg 187,84,354,181,1
f0277efdf2bcbc0cb6d9c48f7376c56b.jpg 20,73,217,189,1
f188958e52b7c0a688640c1d270e107d.jpg 166,81,335,178,1
f19938dda7adab703f119866292de257.jpg 111,80,279,177,1
f0c0a01bb7042a72eb65b04083cf89cc.jpg 168,109,304,197,1
ee51c0f6b87314165c5d0850d3291512.jpg 158,109,272,173,1
f1b469e427c580f97f04db4b6352785e.jpg 140,113,276,193,1
f3172050f229d8894504e59766ee9ca9.jpg 104,83,274,180,1
f1ed04bc32b19792af10c41f8d7fb40a.jpg 133,71,277,168,1
f257497dce6c7277587c13b4764fb1b6.jpg 97,88,314,205,1
f365e7832af707bcae0261bd482fe6f9.jpg 109,102,280,198,1
f1cbae4ddfb8cf65c09d0d8a61da53aa.jpg 91,44,323,177,1
f0cb73d16270064a721938687aa70819.jpg 146,88,283,183,1
f235fbabc713ccf07b21877c70afe9ef.jpg 148,87,289,180,1
f3f524ae21d53cfcabcf1674fdb8dc01.jpg 133,109,247,174,1
f42d2146d8540beef57b91171a02d82e.jpg 130,110,245,174,1
f47477dff82ed354d7fc90904054c7dc.jpg 102,39,279,141,1
f45f65c6353ead6a91a0260f5ae418d2.jpg 94,45,320,177,1
f68f77aeddb734a59ed3ed5cdaedeedd.jpg 141,107,275,184,1
f71528a648055cf25e6a9a237e51e7cc.jpg 90,45,322,176,1
f7e7d6fde2d7ac9a771a5fa945657bca.jpg 133,82,276,166,1
f419044a2ed8cf74a60cc624b0f72c2f.jpg 99,98,262,193,1
f8d146495f00a4f2cb947d9f2fdf35f4.jpg 49,86,330,242,1
f916b114016a9db66c7c156c20ed284d.jpg 137,80,304,181,1
f9dbc2fbcbee2f14d95103f9e916efee.jpg 96,92,306,208,1
f592eb093614b201ef093f2fc610200d.jpg 97,92,274,194,1
fa8df103f0ce796520ddde8b592c19bc.jpg 98,88,310,205,1
fd7e8f1cfe69ef45a974c04def5b14a8.jpg 129,109,244,174,1
f528667e66abf68f5eed2c9112bf2dda.jpg 123,111,235,175,1
fd5c797e7ef5fd026a23d3257cff6a15.jpg 92,53,272,159,1
fd1a890b70c435b4a92723f7863e15f5.jpg 101,87,308,200,1
fa53f8e7458cbdbe28b1dc8f16ce24f6.jpg 105,86,273,182,1
fd103604df2a8f35149c3d377a808e06.jpg 105,84,310,200,1
f9e3301ee1a6dd4e46cae4b4ed6a1682.jpg 117,90,242,162,1
fdef5fd616ff1b8396d448de608a9ecf.jpg 97,89,265,185,1
fe1f734bfe355fa839f9fe55c2d4b8bc.jpg 98,84,267,183,1
fe26708a1cc3e0995a9efa89fbc8570d.jpg 128,107,265,187,1
02d883d67cbd59121063b2e95081e04c.jpg 155,92,277,161,2
036d50b4f0abc084963c8c4e987bf85b.jpg 123,76,274,161,2
015b134715513c55048b98accf626326.jpg 107,76,293,176,2
01a46415cd83f9de33a9a96a1e8cdbc4.jpg 92,91,234,170,2
01942ead2abe358098ec904b7528e569.jpg 89,65,235,147,2
02ce9e4b71aaa20864b577069c8dcbc8.jpg 127,101,266,178,2
039a7031d0975517f043254187d1a98c.jpg 127,128,282,214,2
0086803f01320a82e1f12e6b3f19ec62.jpg 93,63,255,157,2
029d33b81492c1584d36a1486f4334e5.jpg 219,89,326,153,2
006f0a1e3ccf7e0e507eb2bcda667576.jpg 155,61,285,133,2
039d8c4ef79eb9a747e0ea7d94ef32de.jpg 99,65,247,150,2
03cdcc131d2148020730f4268a85d506.jpg 106,68,298,177,2
06fe86a86202337081588acaad37e982.jpg 159,51,300,130,2
04616b1ecdf0cb4763dcc1e0afd65f68.jpg 211,94,320,161,2
077a81633f66ae659c1f584317b7d566.jpg 117,88,278,182,2
0443d159de2c5b9d926dc6c6fb7c3d89.jpg 89,94,230,173,2
04b0307a8bd0b2fdea9e4e332818ed1a.jpg 173,65,316,151,2
06b11ea077303999627f2e12c091f0c3.jpg 114,55,344,184,2
05ed9478041bc203ead9daa4a1a981a6.jpg 134,63,292,151,2
08951cf76ff41c46ef0e9e12f9264a5d.jpg 112,88,268,180,2
0d6109bb7fea7d91e0cfbac2a791439d.jpg 161,95,292,170,2
0ba484aa9f8ef9f580a476f1a27b6b7f.jpg 239,95,337,158,2
0db66e69b6b2505b1383d6c02a8fc22e.jpg 156,82,320,175,2
0dd57b7584bef19647a10fb2d1f17a10.jpg 155,82,284,154,2
0b06c98d87c9fee873df377fb24a7740.jpg 130,100,258,173,2
0dbed78c9f38e1fb1feb01d90b3c0346.jpg 101,77,226,153,2
0ae8292ee50a86a57df7129b06c39b14.jpg 124,84,277,172,2
0a886616138edb7799ca2ea72d589664.jpg 150,54,279,128,2
0f6cc8c9df55a9b832b35a9741d47e02.jpg 189,97,349,193,2
121f9f3e56da41917062fc19514d9e49.jpg 131,51,299,150,2
1042cf2b486c7738442ec57a37b724a6.jpg 196,98,314,166,2
0f9e49eab5e0320d1eed66fc5ed4bba9.jpg 129,68,312,175,2
126e2e8bfd88bc2abfdc845f4a54d235.jpg 105,86,285,193,2
1057fb3439fb278a0166f42672647c17.jpg 162,48,312,137,2
10c0c7c31e5ea6d3e11d70aeaac205f8.jpg 145,41,272,121,2
10ac47866091477ead34c922065a2da3.jpg 144,56,274,133,2
118e173e5932380ee7c6b6b17e6a86bf.jpg 109,62,260,151,2
0fc2919689f3aa650074d8a1083ac080.jpg 187,106,300,172,2
14e5d4ec480ad50b4652072ebeae00b0.jpg 65,94,215,179,2
1270f3d12d80d04c75dfa218117a6513.jpg 164,47,344,151,2
17cedef1acc2a8d27001e270b249c3d4.jpg 208,87,322,155,2
187c604c1a295e933d26b5ac062b6e83.jpg 136,83,295,176,2
1528f5df56c8b5d276a7cde09c2ed53e.jpg 88,98,219,173,2
165adb5788ce72d739380013b54fef08.jpg 129,54,357,183,2
16f815a2a4e64174d9cf202be0f59f2b.jpg 94,62,243,153,2
1749440e2e8e7bcc99687bfe9beb4743.jpg 172,37,306,118,2
18adf07938afe3ebdd87ae9346222db8.jpg 132,63,280,150,2
19c7625a307563b3cb1dac6a611d96de.jpg 158,77,329,178,2
1a354f84cf710c0b2e9bc0d734938f19.jpg 123,78,270,166,2
1b7007d8f5be5945b7f9417b4e4f2203.jpg 85,61,248,154,2
1aae39e58e8426f5e540b61ec8d19c02.jpg 103,77,280,176,2
1b3d26f5b004f115cc3085d18ccfd3bd.jpg 96,70,297,187,2
1ab3bbfe0d9846c03a79fe861c9adedc.jpg 140,96,251,163,2
1ae8c00f3819c8fb31c14c65b3e0639c.jpg 115,57,285,158,2
1ae2b30e753c4d7d56e40b8158d888c2.jpg 98,62,329,195,2
1bece1c8e7c498dbdf726e3f2cd2df54.jpg 155,94,278,163,2
1c3ae13bb798adaf6132a6ee66f17c36.jpg 86,91,227,171,2
1b68aa663c6893478879f7693e642950.jpg 128,95,282,181,2
1c0bbc26d3e3fff1cfc70e110db25768.jpg 242,85,390,176,2
1c90019a358b12660def3d981bff5823.jpg 118,74,306,179,2
1e501560a51e04b2799db12e8fc323bd.jpg 138,89,249,157,2
1dca60c8f220598a5ed00f719b624045.jpg 142,69,316,169,2
21770ca9a4229f06c836528a4cfad290.jpg 152,100,276,170,2
1cab1c3889100c4b64c0d8636b4ee6ce.jpg 188,57,347,152,2
21b3b3af6d7a53a12bf9e7a9ff718efc.jpg 124,95,255,170,2
1db902d7bbf8c74c89153ecdce568164.jpg 135,99,260,170,2
1fea77d88e5dc2f51aae63f6adcfc9c4.jpg 144,58,329,165,2
224b97dccbeda127c3b4634f24c76a8b.jpg 127,95,288,185,2
1c89fb10bda27fcaaa35694413d37da1.jpg 154,82,295,162,2
23001ddfa22be628abbac7cedd714929.jpg 135,82,285,167,2
227c642346c928ba822a83a181701824.jpg 224,70,367,153,2
235c9d47894d3b48912bc2a001aa6179.jpg 144,25,266,102,2
2256626f81588c3d2176d80a7eeae7bd.jpg 217,102,346,180,2
24619c8d7361ad669737e84f8b99ce3a.jpg 138,55,351,175,2
2325713fecfeab1c8226e4cebd557712.jpg 79,105,220,185,2
2620388006f6a8608abff4f7929d86ba.jpg 137,76,270,151,2
251d1ec28756ed068021819de2103083.jpg 119,76,286,174,2
24be1df16a59848db4dc731f8a08ca59.jpg 112,95,246,172,2
25db011464a0adf52e110564f8f8d786.jpg 134,95,268,171,2
26647f88b8082052082d48fa7a43358a.jpg 162,77,308,163,2
2624785249c80e75fb393aaa5f9619d3.jpg 146,91,272,162,2
27d1c9cd15e983b26632c6401ff4a333.jpg 164,97,301,182,2
274c129318529a88c351f2b522c4c4d3.jpg 186,84,307,154,2
276e2585d0b09c7797a64bf80edb412a.jpg 150,46,342,155,2
27279c79abafaaf9670d9153a6747fc1.jpg 159,73,315,165,2
27d4f4cf0db1070f03103f2e91a20300.jpg 214,93,356,182,2
285ce3e2baf8105cba09529cd99e9587.jpg 158,51,300,130,2
282c68a98cef7aea68b1da046df6afcf.jpg 132,73,292,169,2
2855b158ff90fba0baa744fa9bfc4ef1.jpg 171,49,302,124,2
290c14502d9e6f04260cadc3cafacbee.jpg 65,100,196,174,2
2871db8348855b70a8738734cad4609f.jpg 168,90,299,166,2
295965b89a9cccfdb3ce5985219443fa.jpg 119,88,255,166,2
2aa1af1760e8a410054473ee2b603154.jpg 161,61,340,163,2
29c3eb42f610ba926ec10899112b57e1.jpg 112,68,275,159,2
2ad82cfcd5d5c089d9153594753519fe.jpg 167,50,311,137,2
2a5414c2f951e321513882f55f9fcf97.jpg 182,97,307,170,2
28c8c204e2f96daeef7151c195933da1.jpg 115,100,245,173,2
2b42f73fd1ef6170e8c0bc91ac43c133.jpg 144,79,281,163,2
2bcbd993534906ee25c85bf87c4a11b3.jpg 133,100,258,172,2
2dcb3adecbb327b7de12d9414cc28b24.jpg 156,70,308,156,2
2df9db7d162939f7a980ae3fa87c9528.jpg 149,57,278,127,2
2f996bf380a27a5d1d9368957b9e7b0d.jpg 152,98,277,170,2
2bd64b2252b4e62db4d8a8ac196d94fe.jpg 114,91,264,177,2
2e7d937de2bcd16b549aecdbd67b6bf7.jpg 133,91,266,167,2
2efbc6ce5374b4156c8c01e464eb7c8e.jpg 213,86,329,152,2
303451a5cc9c510076c796d0c2d02a17.jpg 139,99,270,172,2
2b488399cee2aeefe99980bf9d2bb6b1.jpg 158,92,280,161,2
31ce1d99056626f43486701c07c3e9ff.jpg 126,74,284,169,2
2d651622350e9c31ed19ea54f838c4ca.jpg 125,79,291,176,2
3265d11704e1a58d4d39f99f10705ef8.jpg 147,50,336,158,2
33a3d5141de8caa1df3bebf89dbea049.jpg 131,77,301,174,2
350c7003e8475afda6105e947787d50e.jpg 138,60,322,172,2
30edeb4ea344909983f894af8dc20321.jpg 151,63,297,149,2
3661d76c3faec2decdcbb4dd030a9e2a.jpg 233,83,380,175,2
35676fafa5a63b4d28411f1ec1d9e43b.jpg 94,53,341,194,2
3749fae5541fd4fe749c74a684509c87.jpg 120,68,288,163,2
36cc7227f87282577ec8efd044d59fe1.jpg 157,81,282,155,2
34577e4dbef48f1040634aeb38e44daa.jpg 151,63,319,158,2
3747e86e8e64e6e8d2277d478ce98d0e.jpg 225,95,352,175,2
39c874db6611e122739bd369bde3e9da.jpg 134,75,266,149,2
3a60bdd0532c53029ffaeae3e26f3839.jpg 89,105,230,184,2
31726dae52d7298546f1b4b1e4d14b73.jpg 103,84,260,174,2
3ac533d9ab3c3d436ecb05c6cf8863e3.jpg 148,70,316,164,2
3b11206d91a89b6b46fe8c80e7c4ede8.jpg 151,84,280,156,2
39e4a351e8719e68fbdd8b591b0ca3af.jpg 121,51,262,131,2
3afbcf06d82044a4cb5431c59beb4c3b.jpg 122,93,266,175,2
3c370bc131682779e2d2d7adf3e6d1b9.jpg 96,53,332,189,2
3b9b2560a562b58a6dd1cb082da97251.jpg 193,76,339,172,2
3bf620f97831d61e3845c9df031645f1.jpg 138,73,267,156,2
3b78847e5923ac333bd70b757c4b1cf9.jpg 143,91,275,171,2
3ad7487b3d0f8d0f289db51f7715d12d.jpg 148,63,292,147,2
3c3fa75beff6be39d9558a98ea3604ea.jpg 67,101,211,185,2
3da59133d5eb26f1b96c095069689c75.jpg 111,62,262,153,2
3c1f78af22967a915892137f9033d386.jpg 203,57,365,156,2
3d9a81a027e7ddb1810de3b0b91f0003.jpg 140,65,307,164,2
3da863a6f952aaed9bd76a2ea1536639.jpg 136,93,267,168,2
3fdb370ac35f56c890ffd644f3694f24.jpg 169,97,310,176,2
3ed63b788666b75b813783a42a0ed8ac.jpg 106,86,266,178,2
3e05ce497ae68dcc7b986ada9f7d7649.jpg 138,98,264,169,2
3f80e82027ea30290088e4d4ee02b3d5.jpg 117,67,293,166,2
3de2c851a923dd40368f9d4b6ea6b7a2.jpg 124,68,271,160,2
3feeba6e61cf7405ebdb3322983ca49e.jpg 203,66,346,154,2
40f9245c90582ea8c7e8060ca85cc7ad.jpg 157,67,309,154,2
413e1f1dea43f4c032a676e5d0c61260.jpg 143,99,269,171,2
42629ad2340a5f698141b891b9a228b8.jpg 150,59,299,143,2
429247037a08380495840eb3aa4af367.jpg 112,75,304,185,2
3cd7adc8c56699a79bfa80713b893eca.jpg 138,76,266,151,2
4014995a3f4e33ea43e51b157357658b.jpg 109,59,258,147,2
43d89904054983760ec0dfb50c8c8114.jpg 139,72,268,152,2
42cf751fc4bd897da1f75398f7c4af45.jpg 133,59,274,148,2
42cc29f63535ebb8d49aa09e716c66af.jpg 158,52,298,136,2
40ce10b928ffa139fbf5176a31c75322.jpg 115,56,256,136,2
44769eddb6618fd8cfd041b5ff2ea60d.jpg 152,58,294,138,2
44d21996fe29f36b4838945f6d07ae32.jpg 100,68,292,178,2
44c293ca0f4e611b2ed0f35bff3ea2a2.jpg 196,78,341,165,2
45c3643bed1b1e0fcb990f97051807a2.jpg 89,96,224,171,2
44de5190659ac278e5b2c96ecb1bad92.jpg 94,82,268,180,2
458c9fd04be2b4ceb809d97dce75f101.jpg 102,58,347,200,2
45c73cfcdce297491551a6ddad91c814.jpg 107,69,270,162,2
47046c524b4ff4447d43ee0db2577fb0.jpg 96,64,260,159,2
46076360e2a54c5a7caaa2bd786ded4f.jpg 97,82,270,179,2
44e02440e86d33b292b9b42af86c93e1.jpg 158,42,295,122,2
461ab1c6c5e3fca2fab09cb291d7685c.jpg 123,93,285,183,2
462d65e1d3611f381b7f89473111bf04.jpg 86,54,333,195,2
463a85b9bf7f00caaa7553f888745866.jpg 121,135,276,226,2
473e706724bfd5dd4774a3e8c4775729.jpg 89,100,230,180,2
47eb3f8b3e9760197e206712965c188a.jpg 157,69,346,177,2
486f2d4f500beb43a667f99b36eef5c1.jpg 247,86,390,176,2
47f26e352dba9d18af92b25bacd85eb6.jpg 120,68,312,177,2
497843fdaee1e1791d89aafca0b1eacf.jpg 130,82,299,177,2
4a3b5e238c8f4bb6be03167066f3dc21.jpg 122,82,292,177,2
4a5c15c3551445c9c84304f39dc4b79b.jpg 126,42,298,144,2
4a341220c17564763b41ec29e1fe3702.jpg 195,83,307,150,2
4ab9c3f11074145f21fafa844bb130fb.jpg 180,67,295,138,2
4b8293d8cc50a8fcd8bba00825101458.jpg 153,98,278,172,2
4bb896bbf058ee148784f2ba4b1ce39d.jpg 130,98,255,172,2
4faae3a33691aa8fad0a8f3fc125e1bc.jpg 84,54,328,191,2
4f3a6446f77c861dd2ccbc0890c77e6c.jpg 109,38,285,142,2
4ec6106d50a664b543def13c05c7f3d4.jpg 128,87,263,166,2
4cda1e613f860c40951c686edae9a53d.jpg 143,76,287,163,2
4a2c970f8061a9f57fb58810aba657d8.jpg 157,100,268,166,2
4be10d56c0616c67c4dccd486009d445.jpg 173,35,313,117,2
507e1131bcf8d4e0a071fdfe5cf6e6c7.jpg 131,84,291,174,2
49cb0a7cc9558fc5c25f91d07f6bf059.jpg 190,67,332,152,2
54500e7050e81e1eee17a30e2ecc0f22.jpg 111,80,273,171,2
585543eed3c30d0be0e4ab13ed4c29c3.jpg 116,80,300,185,2
50765fd2273be909d8b057c15a9d98a6.jpg 109,59,252,147,2
58fd445520ebf18b7d6d059fcd0427e9.jpg 86,93,227,172,2
50fa159ecd01a31d8a734b05a255802e.jpg 124,95,258,171,2
544a4cd702c914113b12f49117bceb6c.jpg 109,79,277,174,2
50af50f16f24db4b2256a17da0e04680.jpg 169,65,287,137,2
55bff91e6078c725e31b52c37610d228.jpg 200,96,319,164,2
59df583ee67de4a166bb9ab0c351f90e.jpg 222,84,365,177,2
57c72e67697dfc00bc88b3479733ca1b.jpg 119,68,305,176,2
59f7e96d0259f3ec5ba2e1197b2f4b5e.jpg 158,90,311,180,2
5a037cc8c4874e349ff2621dc7092184.jpg 171,70,291,140,2
5a11ba577ac7f1ae01b3ffd600dac438.jpg 119,64,269,158,2
5b0650c655485115c4cf00f0dfd71c66.jpg 142,87,268,158,2
5c6157f8d37c4a25510ef464ac6e2c31.jpg 164,60,309,144,2
5cf4e7472ad719dae8363191d295eb00.jpg 52,100,185,176,2
5bbbe6431f9ba9d62bb01eabbc47e460.jpg 99,55,343,195,2
5dd40abeefdf5ff7b88e18262faa9bee.jpg 79,70,220,149,2
5ab3cdac77196931010ab880637e88fe.jpg 127,101,262,177,2
5df7cac060421dc30bd39b684840a277.jpg 227,68,369,154,2
5c7770e39d3ccc61c57e71cda17a1230.jpg 185,106,299,172,2
5df16ddca083db829ccc6d0a96d201fc.jpg 159,63,309,149,2
5e0d9a473394455f38206bc3c1b0ad89.jpg 131,85,268,160,2
5f5535d5a3aaef681df99c6af0c9a1e9.jpg 71,102,217,184,2
60f89d4894cab8eb5ba92d00f47caa2d.jpg 188,36,338,126,2
5fbad5b9780b3ed85d88dc455e80c4ea.jpg 216,85,363,174,2
6128c81aae41843ec5ce8488e392d160.jpg 172,98,313,177,2
5fbde17b39ef163947dcd97fe968b2f6.jpg 102,59,264,153,2
61fdf2958ea9c997da2daef3fc9eb8e3.jpg 181,18,330,110,2
6229d2341d68d13585d75c1720d625f2.jpg 117,81,300,184,2
634357d0c41807c08fcbc31fdc5ed009.jpg 127,59,299,156,2
5ed885d33b0858b2ce0846a734ba0f4d.jpg 126,68,292,164,2
62c85310727a23307ce7ff8791ed3dd5.jpg 246,86,391,177,2
618c3dfaa390bb99f043c9c48f62113e.jpg 157,54,305,140,2
63e66f5969d9e71162989ff9ea21acda.jpg 119,139,278,226,2
61296e8710dbd3d3bb410c1b6b4fcb64.jpg 100,70,292,179,2
63b5d42d40b7888b2c9a9f1d524617a7.jpg 126,94,278,182,2
63d9032a7657718d434c12fe8e372072.jpg 131,88,272,168,2
66adc6315755b0ecc63a6b994594050e.jpg 214,88,323,151,2
683d7a64ca7375e1a69190cedf5afd46.jpg 192,55,357,156,2
6854584b9902f967d6ff8c0031527fa8.jpg 215,88,326,153,2
690fb60f9258b1c2140ef58796ed7038.jpg 123,93,282,186,2
667c6aeeda29bbd09cfc8106b9d1c7d5.jpg 200,94,346,183,2
65f87f53da688acf2c85ac46197d2956.jpg 151,54,300,140,2
694b116b15789209837330132bc663a1.jpg 138,97,249,161,2
69a193f5541e43d6a594343aab80f5b7.jpg 214,81,358,174,2
68ed7a82fb25c6f795ecf7753866c5b0.jpg 122,94,253,170,2
69f21b0db1eb0d5b3b3f3ec2ff9c1a6e.jpg 130,83,284,169,2
6d0a842eae5c8de157a4a7ecc53197dc.jpg 129,90,282,182,2
6f8a93d1948f7a0410d492532ced3da9.jpg 120,50,262,129,2
6ff40688919f14768a56b4a9485bbc2d.jpg 144,98,270,170,2
70144c89702cc8d13b14d30b2a5daa42.jpg 198,96,318,166,2
6ff1ae462f11a809fb51354d41a1d17c.jpg 169,52,315,138,2
69efa598410ecc54226026e77c5c5ddf.jpg 157,47,297,130,2
6d5a8522c91ff633d3d6236cff012ff1.jpg 161,89,294,163,2
7070108b2b422824b79d33db5b6ca3d4.jpg 83,96,224,175,2
706ee709ec2be22de8ced78c08f8089e.jpg 142,88,264,156,2
70e773ab2653e047ee50852af33c6fcb.jpg 40,100,175,174,2
72d25ccd6874fe8f0375d77144f96422.jpg 97,81,273,180,2
6a21d80b30ead496bf25691909dd67ef.jpg 126,77,290,176,2
72acbd3398712befa3bd34cc1df64369.jpg 127,91,262,169,2
72d4db6340b4d0b6406094824bb6c6ae.jpg 80,67,221,146,2
73a3192dee6794f7823a0b6432fe6fdc.jpg 164,75,277,145,2
73d9ed08626b7802ac6aa82baac0ca0a.jpg 15,100,148,176,2
74091a566f6ac809070a199ea10f7601.jpg 102,69,294,178,2
733bc5aac6be758c7b0ca3705ebbd3ce.jpg 92,68,277,171,2
75ce719616a4bbf89be63e747bed702e.jpg 155,75,306,161,2
743380ae408f208c38bad6dd359dd03f.jpg 180,104,291,170,2
773590c6d4846d63abe07da916de2608.jpg 244,91,349,156,2
77ae28c4fd94bacb276a8f0ff0e75026.jpg 127,63,282,151,2
750c5242b0afff288fe84149f9eb898f.jpg 124,93,258,168,2
760e6808ea5080cb40c1cccfaaa6d068.jpg 128,94,288,183,2
770847ddcdb7bc0153e1cf7c9e9b4090.jpg 93,65,245,153,2
7487edac04faa79489b3bc014d0d4470.jpg 173,88,316,173,2
786f8af62e94183c13c6cb76e77aa1e0.jpg 228,68,372,154,2
74fc95e863a9ee4f71eda42c7a64a510.jpg 181,87,334,177,2
7b4507063ddd9d90fdde3b613cc2edbb.jpg 196,89,326,168,2
78ed5cd856077f898f059c247f5da108.jpg 94,65,242,153,2
7ae2801e0aa209b1fbf50391c6c853ac.jpg 107,125,267,214,2
79ebf1eac7bbf372522e20afd72e4401.jpg 144,94,301,184,2
7bed35b280acf32736c1540f668a25d4.jpg 154,78,294,163,2
7df6a800376988d5153abbcf5ec7594b.jpg 158,90,311,184,2
7ec3c1035f85c330f823802c17642761.jpg 102,61,247,149,2
7c44dc8509498ae08e5bd2ee2d9dedef.jpg 87,97,223,176,2
7c1a773aa5a8bf02bdb83360675c05ff.jpg 142,62,326,172,2
806fd221f6e02857498089f79853f081.jpg 134,78,255,149,2
8077c457698de0133f3e6834f6d78111.jpg 200,78,354,174,2
81002a608d522028f976c6db314ef6a9.jpg 117,36,291,140,2
7fae88b50f10673548850ccad9f5694c.jpg 133,75,275,154,2
7baff440a0712c554eee4371ca667ed1.jpg 119,81,295,180,2
7fa4f235b7c09404131bbd22e1378715.jpg 104,71,310,187,2
8106b0d37d3d6b36281cd3aa4771f583.jpg 119,88,274,179,2
80b3c6f083fd4e60ffeb3aa5376a1058.jpg 148,91,287,170,2
815565df443decb06db177bbcd33c8e7.jpg 115,79,237,151,2
8186732c40d51bce2d8d163f1a3cead3.jpg 123,95,257,172,2
81954fffc3005f7bc15275680ff3b8ef.jpg 205,84,320,153,2
8188f9735922f6fb7dd02d182b102df0.jpg 166,98,307,180,2
827ef79f77a5e12ac420636336cf8ece.jpg 217,70,360,159,2
820326a80922a15cc9f84cca5dc12bbc.jpg 147,30,275,106,2
8225c0895f075edf54ea1d75839ebe52.jpg 192,22,343,115,2
82275ca2bdc9043ea831216e384d8035.jpg 112,46,288,149,2
84770b9da168beee172d1bf9844f500e.jpg 128,80,277,164,2
851c60ab3bbb27133ace2ba9ea95910b.jpg 139,56,349,175,2
8717cf0648fcf8ee79abc24ab7037661.jpg 118,133,271,221,2
8631e463e2f56ba786224c3ab43f274d.jpg 119,65,268,151,2
82451f151b0daf93fccb2c1d605971ea.jpg 99,84,280,190,2
82db46e20644212f420da2123672b055.jpg 114,59,272,152,2
87d5a53cbc04adb69a80c38380791f67.jpg 82,75,213,156,2
88cb053070b9e335ce628f87e63ee3a4.jpg 134,72,278,163,2
88f6356d857362896c5d4d93f6f0b642.jpg 127,135,281,224,2
87511565478ce1c0f1fe738e5780a582.jpg 229,85,372,176,2
891934e7e0b3bc9c054454e88b5ef493.jpg 114,102,275,194,2
8b287ae3d0d5e74a923180334b6a2f44.jpg 226,97,359,176,2
87ea70c243ee17bd1a62973a886f35e0.jpg 166,91,296,164,2
8c2c18fc1a0620931e773e7fbc13abef.jpg 183,42,333,130,2
8bea56c9ca123982092cee0d3baf146a.jpg 179,77,324,162,2
8aa12a4df76afe493fcb500c1c126732.jpg 134,80,318,182,2
885266262baf0ab5f95fd34a0ff0248b.jpg 214,93,344,172,2
8c45be339e16430ceb1893af7ac46f2c.jpg 97,81,281,185,2
8c1c313272e88a9f712df55f90f82afc.jpg 240,94,346,156,2
8c52fc822b6d0442af4fb73ed3ee09e2.jpg 182,58,335,151,2
8fbaec57a7c328c47a74cd88c4c1ef67.jpg 119,71,283,163,2
91f839200696510e5639ebb6e99f88c6.jpg 195,88,342,179,2
9220fd58afed0ea5d865accf186afe2c.jpg 163,87,304,166,2
9039fc66d2032c2557597d4f51e26d29.jpg 176,87,325,177,2
8a41fea15d5faf090a85925d44e2a045.jpg 123,71,293,168,2
91508e4b46d972c73e18093e68e228fd.jpg 107,90,259,176,2
8f1e529986aec87af1ecf45575590315.jpg 169,62,310,144,2
8f769625ad12bd9a6af7b54150c84b0a.jpg 178,92,311,168,2
8c78f7eb48c7a02d824fa3c574949f96.jpg 168,95,289,168,2
92cd49d04d3d4e5bf87c88537b7ded07.jpg 138,55,355,178,2
91266a69911450a52d1746915935aed6.jpg 103,72,263,166,2
92eb3e5c4d832f10699ec4e58cccbdea.jpg 119,79,291,175,2
9442db37a8362712771b37c207518701.jpg 106,72,297,180,2
92fd1cf867ff299a4789916e76fcb467.jpg 155,44,305,133,2
937fbfd74a70d341cc4c143c7c2737f5.jpg 111,36,288,140,2
970948def084417b5645cf7d7db92e3f.jpg 160,75,337,179,2
930f45fc38a8a6ef4c59032c2dcbb345.jpg 151,83,315,176,2
943220559ceee7462940afaa111c2e71.jpg 145,62,347,177,2
96b919cb9e3ce857b4f3cb886d1a450d.jpg 174,42,320,133,2
95feae9df6087fe03325652019f93944.jpg 151,92,276,162,2
97191f445dd8869a7821c49615162cb5.jpg 74,89,224,176,2
98131a463ced0ab0e1ee57d3684c2117.jpg 118,93,269,180,2
979604085505a6050c79b352d0dd7f2c.jpg 214,67,356,156,2
99cd1d5cc55f47276351da09184be76f.jpg 97,65,320,195,2
987eaf42a670636af5ff1a0c1464bf69.jpg 158,92,317,183,2
99e10a1766efc81562c5bfc0a13f2ba2.jpg 154,91,277,160,2
979302ad3b5d2de31f90c0fac022fff0.jpg 135,82,285,170,2
976165c3855f7a68212ea24413675560.jpg 98,63,249,153,2
9a85bf55bb042955ed90830e421b46c6.jpg 181,81,324,165,2
9a4fff76d72f51deb5552bd9327032e8.jpg 108,63,293,172,2
9a47805ebbbf2f4f596b77c3b84652ac.jpg 159,41,349,151,2
94239446e4c786145d7b0aafc8c9fb9d.jpg 156,47,302,131,2
9b05dcd2cd8903a499bae93e06220b08.jpg 159,65,310,153,2
9b1b8e68764eb75f631fd7f7c587bbb1.jpg 98,55,344,198,2
9bea9269daa88638990cc8709bc46ddd.jpg 133,78,315,181,2
9b86f35c316326c0d600cb82af4f1465.jpg 184,78,301,145,2
9c099734904a6f5eea031f75fd6720b7.jpg 108,67,275,163,2
9df0511b70fc48a72353e02f238af1e5.jpg 149,79,291,158,2
9c0e14f119ac2182eb6bf90fd07e4f44.jpg 130,70,271,150,2
9b5d69d132b524dd47e4267c59471ad9.jpg 172,66,298,141,2
9e2c445b88fc7e46678d4b200efe1407.jpg 123,71,295,169,2
9edf5e22bc4fde6620da16a0494a4290.jpg 198,85,349,179,2
9eefc7abd5fa40f3b25231b7c9f83bf8.jpg 163,44,304,123,2
9fd38eb14022632c8ea1e17f4b8f9337.jpg 113,80,288,177,2
9ef71d42523b7cac29965ea85a304fd4.jpg 115,87,285,181,2
9f4a9b23d55583f0da84d7cefd91ca2f.jpg 148,81,264,150,2
9f108815815f6a6c3d50866efd72a3d7.jpg 196,91,354,186,2
9fe6556c3537396b9dddf3c1f9b56ef3.jpg 116,81,267,168,2
9fe872d6c99b87976771cd2e3e227017.jpg 185,73,331,169,2
9f5e5d51b1eb216f128939c5336cf617.jpg 170,54,318,147,2
a0e89dd650c38bb61ff033d6d9f57223.jpg 124,77,293,175,2
a05c5770826c060267a115b1a6cf48d0.jpg 157,46,305,133,2
a0f553ab4a20a99601ec78228f30819f.jpg 193,102,309,168,2
a11cd6c09433a3ef6ebb0ff516141054.jpg 154,36,286,117,2
a0774fe8c253915b8977c147b30963e9.jpg 165,52,308,138,2
a0e7f6db7917134cefc3f058efb2dffe.jpg 172,77,320,163,2
a127347b804c291177570179a998276b.jpg 96,68,304,191,2
a1a2745146b6c74a6d7317181dab9a6c.jpg 138,88,252,155,2
a12e41e887557dccf7b73833e1e3f289.jpg 200,90,334,171,2
a303693bb07ebe7641ca083b4803fec5.jpg 174,96,341,195,2
a2244a2d63422a259903326cb7b6731a.jpg 144,68,285,148,2
a2cf0564dc09e3a84edbfd266875e818.jpg 107,74,295,180,2
a32905c40d80b393ec381edbacdebba4.jpg 100,58,335,193,2
a3c1a90418b761c7db1d51e19d8ae457.jpg 199,82,316,153,2
a39c43190e3beefc3a4ed54dcfe75bef.jpg 133,86,267,163,2
a2a45cbe4746919dd81912f0c7e368c6.jpg 207,88,318,153,2
a3f8e90b63eaaea639650e015349100a.jpg 108,63,258,153,2
a5f44bdc328a89d574ebc2a087b8870d.jpg 97,68,246,152,2
a722d8c9bf6a841ab9bbcf51aef85a4d.jpg 209,90,336,171,2
a92acb15797399f978b8928d93db9157.jpg 134,74,276,153,2
a646403735ea3b050fe9b571d5ee110c.jpg 158,33,311,120,2
a43fee0e0c3b2a7b1a2efe01d9fa48a6.jpg 164,79,305,159,2
a6c68929999cd7b8e89dcde1ff731fe4.jpg 180,93,315,168,2
a7151896569d12587bd3ca120b1074c0.jpg 107,64,257,154,2
a3c5e0a0a598ec746529a8d42d8b1070.jpg 193,29,339,121,2
a973e78f2d44ac3ecce288df0ae8d1ca.jpg 231,68,371,154,2
aa141793c9e12d3c2d4c9890a8e6ad52.jpg 114,60,266,151,2
aa337027b951e44101ceea42eae9c027.jpg 121,89,285,182,2
ab2b17b1668c449bd5b4d37240401396.jpg 139,82,287,172,2
aa37fd47d5f2707fb1d66a9c15e6284b.jpg 34,101,171,176,2
abbdab99c3a91de35a8618e2de07894e.jpg 171,73,287,142,2
ab77a87a0ae51a79b7d6459c095afdf7.jpg 105,64,255,152,2
aa51a80072c0e51cc7a451c5a0b183e7.jpg 241,92,349,157,2
ab3da749f97e3a1fb0e32903df270d82.jpg 88,89,230,169,2
acc6fbc8926b1f679f0f4989bfb9bcee.jpg 102,95,235,174,2
abd87c1f892fba1c4a11826dd4a517bb.jpg 87,92,233,177,2
ad8b0d222a6d85cdb3ef86b7d49488b2.jpg 210,77,346,161,2
ad74768c349cd733e6feb6d434dfbcd9.jpg 171,105,279,168,2
ad9ae699eb4cb6615d2ead76fc360e4a.jpg 136,67,289,153,2
af2c61c0a8249660baeb3b6d56d7ad67.jpg 115,68,307,177,2
ab768d34b63eef85c2427ccb4a1b6454.jpg 123,74,296,172,2
b1b50e0b0f850c14542077823873a145.jpg 158,49,300,129,2
a33255472e51fc1994487e59e6a9b193.jpg 83,67,225,147,2
b4196ce73585e90a9884a9a461a94b56.jpg 233,93,342,156,2
b272852a02b16385de3a1c845c307fdb.jpg 145,74,294,159,2
b229a9cc78549537b15830301060c923.jpg 170,51,312,138,2
b423538457277df606dc57ca7d64d35c.jpg 114,71,310,181,2
b2d81cd80b8c782885d2f78a2fc7cb7d.jpg 130,76,295,172,2
b3ca710e64b5d5b23fccc071d0656f8f.jpg 161,85,301,167,2
b2750552a477767d9be3c405bbe7e0b5.jpg 82,104,226,187,2
b3bfaf73a8b6a3e640261b37de38b6a0.jpg 183,75,329,163,2
b3af76f3743d9a4d2acbd02ab2fc341a.jpg 106,123,263,213,2
b3f16abf3636eabb572220bf822b394b.jpg 106,55,256,145,2
b57a4554a2c027971639b9bbfd39161d.jpg 131,73,273,153,2
b4c9bc82d7008df9711ae624ee1d25a7.jpg 155,62,323,156,2
b61c53c754443c1757fba2f50e5682f4.jpg 202,71,365,168,2
b52c72e361baa9159a409b9c67f37ea8.jpg 123,140,282,226,2
b55a86f81aa3b183bd63ff5c087af4d8.jpg 159,68,301,150,2
b725c9df2a346ca3604ff93b26bd7791.jpg 105,58,250,146,2
b56d15bead81c8cb6ff4a9e9372d3789.jpg 186,86,328,166,2
b4c0d910d176104beb5ca6eadc36eb5b.jpg 112,69,285,168,2
b7338eceff70d4caa4d7577dabb2c3bf.jpg 103,65,266,163,2
b8322411774f1d126cb9a7e5027c5f10.jpg 221,91,330,156,2
b907e18caafe185a80c692af5361fc69.jpg 146,99,273,173,2
bb78acb857d242bb891fcb917c473e65.jpg 169,51,299,126,2
b86bde0d0201dba64b5944797a67360a.jpg 158,49,300,129,2
bc04b2d8616690bb8f9156ac5609ae31.jpg 153,66,301,151,2
b9fad4c5defe26b35786515990ad0dad.jpg 151,77,282,150,2
baaa96e21fba0fbcaa6cd41892606aad.jpg 115,70,283,164,2
bb823c9ceb31a4c630ced43e829185a5.jpg 155,56,302,142,2
bc84c4ca4d93f929fa03d99dfa7b7948.jpg 157,75,320,174,2
bb01331f0e016f44727b63ea123067fb.jpg 171,68,330,167,2
bcbbf863ec5e99674854644407a83b2c.jpg 89,66,238,151,2
bdbc71bada2b2a8adf76e9acbe02fec9.jpg 157,44,298,124,2
bcd0c09a400a996f345b91787b7e5073.jpg 158,86,317,177,2
bde210f31bd381275f5cf3dfb232dc47.jpg 95,69,245,154,2
bdff15d04125aadad28832d4ee67deb1.jpg 99,64,250,155,2
be137ac478560078298831d575e347cf.jpg 152,49,301,135,2
bdf1355a7fce4d5d7c439def6a207f35.jpg 89,79,219,156,2
bd126fba01dc9c9e3f39c98301c1453e.jpg 121,65,262,144,2
be3d78f86d3a983d0225641438bc4b3c.jpg 225,94,334,156,2
be88e34aee91bc45cd7717dcde0b5f40.jpg 149,99,270,170,2
bf45db619677b8306d164f152b766439.jpg 150,33,272,111,2
c0aa3e1d19656d5d0e9feaac00803a03.jpg 154,37,277,113,2
c027ebc2f04d9893ce45ad3e66ce9718.jpg 146,94,281,171,2
c013a14b1e3e729c5b825c413a9b9631.jpg 154,47,303,135,2
bfaeb49573bd7c16ed8ed00f5f6d6892.jpg 157,95,307,183,2
c0ed75ec35e7b2b7f6e0f03386303b0a.jpg 168,64,314,147,2
bf7515e40cffd52f2b3b3866c88267eb.jpg 157,80,301,163,2
c06067e0e5ce22c6bde6c716d584caea.jpg 139,76,307,172,2
c130e20f7678a35483d72843b76af6e8.jpg 124,88,261,165,2
c20de64d9b7f59e359b56b3f37c99807.jpg 173,94,344,195,2
c29555845b073e45c1cd8946656c6499.jpg 148,83,275,154,2
c252de3b7629e9a13d0b1be926d9dc79.jpg 162,36,294,118,2
c210c1a67095eb941b36271922b19841.jpg 127,95,281,186,2
c2c4964ad456321245274b6f279837a9.jpg 168,90,324,180,2
c3f4f8ce679d97448d56bf8418f1c83a.jpg 99,69,249,159,2
c395d0b130bc277c6c4995362b0a5dab.jpg 100,69,278,172,2
c41b4f473b56109019b673a647ab587d.jpg 99,61,337,201,2
c2edbd6ac074b62871727f88393e54b7.jpg 174,36,313,123,2
c3f2accd9dd0b13185b4ec6f122bdb0c.jpg 175,87,332,180,2
c48aea97d546598b9bd65bc1791c9e73.jpg 147,26,269,105,2
c4a162a976150eb0113c5730bbfe2d23.jpg 175,74,327,170,2
c6f2ae439fd9445c32b85e9d21ccb377.jpg 166,50,320,137,2
c80badb4bbb747c0d69bf7034b12ef57.jpg 107,77,288,178,2
bf7ae48e0bb7cd8f7093a872e7f9fc47.jpg 149,72,272,143,2
c843992cbaead9ae7b5475e396bffa08.jpg 121,59,313,169,2
c60ec65168754b1e13915575bcc1fb9a.jpg 133,94,267,170,2
c8c3faa6e030e4f10eaf8783e4a02aee.jpg 136,87,277,167,2
c712bd751a1f4d25563b13d6775a7f1f.jpg 97,53,341,197,2
c5370692c6c8e9e0b074321fda64895a.jpg 18,102,149,176,2
c99bfbc715ad26915b5217a453e1729e.jpg 144,88,267,157,2
c8d5513dd8546bed82db34aaa008e8e5.jpg 105,110,269,207,2
cc385af9fa9f08ea5bc1b8a55d84d380.jpg 132,75,290,166,2
ca00fb5e5449c22d40440a82cc51a8fa.jpg 136,93,268,168,2
cb77d51a0c9bbc24d75fa57500896393.jpg 135,91,265,168,2
ca523acf8263750697ce87d8c85dd16a.jpg 123,57,264,137,2
ca1cfa6b67b33b6fd78e8287ec039caf.jpg 134,94,266,169,2
cd33a81c34bbe083a258b4c59aaa2993.jpg 142,101,262,170,2
cc5c079fb1434b294c12498dfbe916bc.jpg 99,76,278,177,2
ccdc79ea8c13f1a5822f75d8aec17096.jpg 142,71,300,159,2
cf8380fd6c33aa1b2458ea928d28e67c.jpg 176,99,318,178,2
cc5984d604db9dc03550a03d4daf0259.jpg 96,69,276,170,2
cf46b2517beabe2721db1c271c70867a.jpg 134,84,280,171,2
cfc122044279af37bd8183c650512721.jpg 89,54,334,192,2
cf74c091644d867e8b56c21ca952ce72.jpg 125,136,281,226,2
d2047dd8863e215110afd9fc201a05b8.jpg 109,55,331,190,2
d021020f128fdbdb49f77d887576ec62.jpg 93,60,255,154,2
d36a7cb45573bd64f7f7c10f3dff5e1d.jpg 104,81,279,179,2
d1fe8e70cbfe7ec05d9c42b7e02ed0f4.jpg 230,67,375,155,2
d70687cc46ddb3c70ff07720f534b950.jpg 148,64,297,150,2
d7bfdd1ff505bb1b7a5f43ade9ca5bff.jpg 171,44,313,132,2
d5fec2df8bf3fe0a27a1661165d43446.jpg 237,90,381,178,2
d5a6abcf127d857774590a2fcad134e7.jpg 90,55,330,192,2
d1e867506b1c029cf1fc9dcb9dcaf625.jpg 144,86,267,155,2
d8a09d2c62461866bf7aa92d69b838cb.jpg 135,93,248,157,2
d5a20fa387ca81f15dbbcb3defc7e71c.jpg 226,101,353,178,2
d75c45927c0db02934f3baad175fca0b.jpg 90,88,231,167,2
d85198e63ee52716ebf029dd7da334e0.jpg 190,86,344,177,2
d588202d4e6df244116a9b04ae4df4bb.jpg 168,23,318,116,2
d92368ab1c4ef87f6d2690e074d2a992.jpg 137,63,290,150,2
d9232519214b9148c18f02b49964d729.jpg 206,78,350,170,2
dadb72ee9f37ac2dd5a818858f2ba3bf.jpg 101,78,253,163,2
da9fcc4450d03eb4391f7d4e769f91f5.jpg 86,63,251,156,2
db252840f05210bd1ed27793f0e43c4c.jpg 168,94,297,166,2
da02e4ad1f1a7822195dbb22834ce697.jpg 149,90,282,166,2
d99e706649be8c5031d1fe4e68ffe2a1.jpg 111,58,270,154,2
db9e96f3f6154fe1cef8f7c3109d1217.jpg 114,69,280,162,2
dba08fd4b97ccc1beb50dd14b28876bc.jpg 95,63,334,197,2
dbea071b61d20e6e2a75002b1990fe2e.jpg 221,72,363,152,2
db9942363e8ed91950ced1b54e35a4e7.jpg 188,87,343,177,2
dcc9c3a9d8de6ee73b9b73b2b224af77.jpg 156,91,279,160,2
dd26883b6aee3fba74f2221b38c8ac18.jpg 217,96,347,175,2
dae5c0a015d823af3ea89fc55c8dbea6.jpg 145,65,287,153,2
dc776bbacff3c23ffa652a9b90f3f649.jpg 116,66,324,183,2
dce664fd0ddc0d3cb38e4abfc4efb424.jpg 120,65,261,144,2
de3e41fee60a2184ea5c8cdb3925f93c.jpg 157,68,312,158,2
df0cc477d7320b48a8568a4bc3324335.jpg 129,86,266,165,2
df77b3fdcdc09b047e688f409f6f470c.jpg 131,71,280,157,2
df71584ffa15229d5856aed5a9768663.jpg 122,93,274,182,2
dcf67ad20aabf447057211ae5bc2e6d1.jpg 146,68,291,151,2
ddc1c52c7333ae44b3b2054824cc3632.jpg 159,94,280,162,2
df10e6c357b0da099607246e201fc8e1.jpg 121,92,281,183,2
df7c5fd19a68983a79c5eb59f846d8af.jpg 185,98,327,177,2
dfcf7203a81d98dc7befc205a216f0d7.jpg 102,57,347,197,2
e044ffa1a13d86886a15c9a6c226abc2.jpg 133,75,302,171,2
dfd257feebcd4ecccfd7f97409f84aa8.jpg 161,63,317,161,2
df8c2dbc95f37b5d6fa84acca883061f.jpg 189,21,343,112,2
dfe94c882969034e90552b3022efa4af.jpg 143,63,268,142,2
e11715915e43b09110e78ba5448b928f.jpg 127,96,283,188,2
e1ffa8ed106257649475e21b2e591f33.jpg 129,69,292,165,2
e2303e7a0a384b41c36cbf14392c33ad.jpg 100,63,334,196,2
e24caf23ad6f6517e612a6186ba49a16.jpg 115,66,267,158,2
e208970c17284f49377d6797a51d180f.jpg 130,60,317,167,2
e327bdf27b1de945ada72fc66151eebd.jpg 126,68,264,145,2
e5af951dbdcca683c7bd077262a3b7c6.jpg 161,54,291,129,2
e30b9134170a1e62621d178fb035816a.jpg 205,101,334,177,2
e4955e123ec69d4b206504840666a19b.jpg 133,96,266,169,2
e64a0c93e026f46ff3f3c171408dc210.jpg 205,96,323,165,2
e2ca0f830a9e8365c099c7acfab3fd12.jpg 110,95,242,171,2
e357cc3974c0ed85904dd0c665e0bbfd.jpg 158,99,306,184,2
e680929f88b524eb8a5189d5c3c1e6e6.jpg 91,97,232,179,2
e60e7a5d78adf87c7e214fcd764f0cbf.jpg 23,99,156,174,2
e4d59fbecc8a8df26c6db1d5d597c8ae.jpg 129,71,292,165,2
e6d12066a695aa0bf325586c357bfbd9.jpg 126,77,263,153,2
e802c123cf4e891a00652518a55ff874.jpg 171,54,315,140,2
e81dd76295646c37505496af843fe556.jpg 136,74,286,158,2
e892c4eaf5bb438d060d847947f3966d.jpg 130,94,264,171,2
e709b94f537ad8a658466de9ec5e28f8.jpg 130,93,265,168,2
e9ddfee16692df18932054682101a573.jpg 216,96,322,160,2
e9b8901eb9e447872cee65accf9d50a8.jpg 148,96,256,163,2
eaaec43b9d86b1c095c4d249de585db6.jpg 157,42,302,129,2
ebb89642a4c9a4591ee41136c906dfa2.jpg 158,77,290,151,2
eb7785b65f6b83226d134d32b42825cc.jpg 23,98,160,177,2
e8c0dbccc2b96ac4c640515644373857.jpg 177,89,323,175,2
ec79f60ef077913e8a3eaecc4f9ff2ab.jpg 123,109,284,198,2
ea71529193220b33e785d6c5549fb628.jpg 120,84,281,178,2
eca5b9729a7d478f95a580f38c2ac845.jpg 129,68,297,172,2
eb74ecf3406c0b61a537bebf071e936c.jpg 112,88,266,174,2
ee1cbdc3de131f032ee20bb81ba128b4.jpg 173,85,295,156,2
ecb6a153ce7a240f9991528472cc6b89.jpg 161,71,309,158,2
ee35743e9fbb052a90a74926444322fd.jpg 132,72,282,159,2
eee0c69044f478d6cc9fa4727150718e.jpg 99,60,253,147,2
f0a89aeb49972b2f7ef1b29e361efb5b.jpg 123,99,255,176,2
f11869effd7298f283591a1c75d0d1c7.jpg 126,90,263,168,2
f0d5b42cd916088a93860ffe52b1fee3.jpg 121,65,270,158,2
efee973fb4e95e80e635657f3ba62860.jpg 173,92,309,170,2
f136f9f053f2e2457792cdb7678118d0.jpg 138,99,264,174,2
f31e439d72d47cd7a4686035bc688d23.jpg 96,62,245,151,2
f2ebde7e348092c7d3024e59db11a9f8.jpg 192,89,349,183,2
f3fbd4c2a626c3e44c0068fbcd17286c.jpg 222,93,366,182,2
f1c944017ec970f581bf6579fa884936.jpg 103,85,255,172,2
f44f794bd57266c7bcb3856414911e72.jpg 93,73,278,177,2
f5318995fa8e034e1a41e9f5ccfd4657.jpg 179,85,320,164,2
f647a0eb15513ec52be910efbf7f8ef6.jpg 162,38,346,147,2
f59ced8c21510d7e5af0ebbdd91ebdca.jpg 108,86,295,192,2
f1feae510998016415caf4dd25a67711.jpg 147,92,270,162,2
f6891f0d73dd1fc3e05d234f02426566.jpg 120,68,288,162,2
f34bb31e0d96f55bb728b1e3e2b8aba1.jpg 181,100,343,197,2
f7b70ca5d941cfb6416d0a1876207089.jpg 114,56,273,152,2
f6a504dac64f545e9cecc952dece4f61.jpg 120,73,285,166,2
f8ee1eb8cbf645385b56d1ac6aa455fb.jpg 63,98,212,183,2
f847fcb244f594ab3b0edf8a6ae9d772.jpg 157,75,306,160,2
f7bc5b181c518c0b19e3f28e1df820f4.jpg 112,128,265,216,2
f67e556c18c6185c61b235052c705c1c.jpg 115,56,330,184,2
f934a93c41d14a8c38a15d6fc8743f70.jpg 87,61,251,156,2
f9a47d5fa09d565ac13c292129252ad5.jpg 170,84,314,169,2
f9fec957ac598d7d414a05af21c90ad5.jpg 120,67,287,163,2
f9065443c5e0c945f17e29004bf4c5ea.jpg 166,47,309,131,2
fa1b3020d6a93bc4e164594201b3cd74.jpg 163,94,288,164,2
fa2f203e6be223ebd56642b2d36a6421.jpg 128,86,269,165,2
fa4dc04f34e57feeeed89430e2cac06a.jpg 126,102,252,172,2
fa54a4ef409b8036a6d3a188d80184b6.jpg 100,76,259,171,2
fbdf5bb9e68bc78dc8cd8f1a21c62994.jpg 158,52,300,131,2
fd9742377f14db5188ac07e7bf48918d.jpg 116,66,325,184,2
fcd6733b66a8e38ad211fad62c75dc4b.jpg 142,74,275,149,2
fdb72cceb51dd342dfbe1ec498af85e0.jpg 96,86,244,174,2
fe01a943c906b33617767fa39ce66f02.jpg 147,88,323,191,2
fed3b4ced98a466483b668d4310aa60b.jpg 169,95,294,165,2
fff7029adf4fec88b861b9950a26725f.jpg 100,70,312,191,2
ffb87d5948709a6b1037925042f25a0e.jpg 188,92,333,180,2
fe408ac8c0dd3f13a58e647b5d7fa47a.jpg 157,90,330,191,2
fe9031d66fd000764d90a944e35606cb.jpg 89,59,319,190,2
fe59caa00f278d54d2ee1d058ddaba45.jpg 72,99,201,173,2